
12
QUIN_LP_22_	0.0000000000	0.3574764762	0.3668164245	0.3748583174	0.3719432429	0.3308746372	0.3289952466	0.3567918659	0.3506290220	0.3246429019	0.3733606168	0.3743710326
QUIN_LP_25_	0.3574764762	0.0000000000	0.2962562557	0.3572518369	0.2033122264	0.2562081847	0.2747571128	0.3291703040	0.4844689517	0.2701341934	0.3550246724	0.3489216661
QUIN_LP_28_	0.3668164245	0.2962562557	0.0000000000	0.3999266476	0.3112979903	0.1676930162	0.2240425546	0.3739392867	0.4926678420	0.2193757244	0.3980110203	0.3880383137
QUIN_LP_36_EAMFDu-787	0.3748583174	0.3572518369	0.3999266476	0.0000000000	0.3723549573	0.3651644259	0.3585899622	0.3043363667	0.4885398453	0.3528436510	0.0756197130	0.3305581546
QUIN_LP_39_MRHSDu-788	0.3719432429	0.2033122264	0.3112979903	0.3723549573	0.0000000000	0.2732507828	0.2926916491	0.3455403787	0.4923654690	0.2881274760	0.3703239536	0.3632794897
QUIN_LP_42_MRHSDu-789	0.3308746372	0.2562081847	0.1676930162	0.3651644259	0.2732507828	0.0000000000	0.1661463811	0.3372785277	0.4730937661	0.1618893408	0.3630350093	0.3559194707
QUIN_LP_45_SSRJDu-790	0.3289952466	0.2747571128	0.2240425546	0.3585899622	0.2926916491	0.1661463811	0.0000000000	0.3325311256	0.4678403247	0.1311447808	0.3566868614	0.3535625896
QUIN_LP_48_SSRJDu-791	0.3567918659	0.3291703040	0.3739392867	0.3043363667	0.3455403787	0.3372785277	0.3325311256	0.0000000000	0.4782762190	0.3257052591	0.3023238948	0.1181879407
QUIN_LP_54_CRDCDu-793	0.3506290220	0.4844689517	0.4926678420	0.4885398453	0.4923654690	0.4730937661	0.4678403247	0.4782762190	0.0000000000	0.4650173160	0.4884569404	0.4917381053
QUIN_LP_55_	0.3246429019	0.2701341934	0.2193757244	0.3528436510	0.2881274760	0.1618893408	0.1311447808	0.3257052591	0.4650173160	0.0000000000	0.3506849029	0.3475953245
QUIN_LP_57_IFMLDu-787	0.3733606168	0.3550246724	0.3980110203	0.0756197130	0.3703239536	0.3630350093	0.3566868614	0.3023238948	0.4884569404	0.3506849029	0.0000000000	0.3286217474
QUIN_LP_60_IFMLDu-791	0.3743710326	0.3489216661	0.3880383137	0.3305581546	0.3632794897	0.3559194707	0.3535625896	0.1181879407	0.4917381053	0.3475953245	0.3286217474	0.0000000000
