52
QUIN_LP_10_             0.000000000 0.120218266 0.101985022 0.074010595 0.104647166 0.106484867 0.113381984 0.131980143 0.131037496 0.111882907 0.116825956 0.124414101 0.103727019 0.098131030 0.099089277 0.148022693 0.113930457 0.107491910 0.106493902 0.092825776 0.071074930 0.094643916 0.093864138 0.103174945 0.115026732 0.066224243 0.098990457 0.071430301 0.059153934 0.108340323 0.055241404 0.095363010 0.094336888 0.245965655 0.325754694 0.312877218 0.317803853 0.325796997 0.297684958 0.307354121 0.274489886 0.152707070 0.168153161 0.150102627 0.267135036 0.659898253 0.787643912 0.100997394 0.291877154 0.611649172 0.435323012 0.397433799 
QUIN_LP_11_             0.120218266 0.000000000 0.097700145 0.066353812 0.088400071 0.116982942 0.123954884 0.151830870 0.150389245 0.101904470 0.129370971 0.115925853 0.104741517 0.102687692 0.069950785 0.121196258 0.119131674 0.116284260 0.117542444 0.100162488 0.069397484 0.099857254 0.107593611 0.104898863 0.122212818 0.067821881 0.090252639 0.067573553 0.056074829 0.095542523 0.048732276 0.100824930 0.099005792 0.258442622 0.341849862 0.333918226 0.337262466 0.343870311 0.317899647 0.325668284 0.291487604 0.155611842 0.170494988 0.155185603 0.280240712 0.663401048 0.798137911 0.106132901 0.300524586 0.622351778 0.446966055 0.407400142 
QUIN_LP_14_             0.101985022 0.097700145 0.000000000 0.058742209 0.089388852 0.101495224 0.109402966 0.133019492 0.131600994 0.095981084 0.113281999 0.105770470 0.094006448 0.099360071 0.089532224 0.128264880 0.113248230 0.104678217 0.101552015 0.090770406 0.055628008 0.086156170 0.088514117 0.090421599 0.115898054 0.061850588 0.062289367 0.056960697 0.056029631 0.073406105 0.047564997 0.096907760 0.095634975 0.247267027 0.331031226 0.319473552 0.322411632 0.325856362 0.297389541 0.309736453 0.274975962 0.140644364 0.155799220 0.140745832 0.265691242 0.657869782 0.798295260 0.094339576 0.286151909 0.615189561 0.435567297 0.394686251 
QUIN_LP_17_             0.074010595 0.066353812 0.058742209 0.000000000 0.060239878 0.081907032 0.087668803 0.093492143 0.092402479 0.069580756 0.081641349 0.077209893 0.060110520 0.069700897 0.067581194 0.091780734 0.085215029 0.078264186 0.082280938 0.066914505 0.025821109 0.059973811 0.070362161 0.070250374 0.084063307 0.039284358 0.065242803 0.040377913 0.034023026 0.024483565 0.028360647 0.072477555 0.070168793 0.217843510 0.302155558 0.293550626 0.299307431 0.303981362 0.275810235 0.285425678 0.248654215 0.115865592 0.131513280 0.114042816 0.238451569 0.663039209 0.812991836 0.071761357 0.262607878 0.617261300 0.418824740 0.379538132 
QUIN_LP_19_             0.104647166 0.088400071 0.089388852 0.060239878 0.000000000 0.089405173 0.112924400 0.094261265 0.094074012 0.103539830 0.120312754 0.115117102 0.100266883 0.097185082 0.083297928 0.014101494 0.116182730 0.108283738 0.089875252 0.084658053 0.059453098 0.093038010 0.087907142 0.091846151 0.108858732 0.059260429 0.079841156 0.056817942 0.052587642 0.092476891 0.041768249 0.091932395 0.089147970 0.249645693 0.332057939 0.327126576 0.327818570 0.334932238 0.310343930 0.319413692 0.281561748 0.143586004 0.161358774 0.139207523 0.268875420 0.675139713 0.819189118 0.092787498 0.290744416 0.633019478 0.443505984 0.404020047 
QUIN_LP_1_              0.106484867 0.116982942 0.101495224 0.081907032 0.089405173 0.000000000 0.119579379 0.133733961 0.132760406 0.110825569 0.124354444 0.121987584 0.115202576 0.089232590 0.098138011 0.121558973 0.119511880 0.114445304 0.011998821 0.095282157 0.069821012 0.096690248 0.104364258 0.106098466 0.124494633 0.061188963 0.104968237 0.071883565 0.059737424 0.109110662 0.052011147 0.091916501 0.089136447 0.249629570 0.329590668 0.324118078 0.327294741 0.330868096 0.307000015 0.312981151 0.277548614 0.157079925 0.176376025 0.155039546 0.273350963 0.657146114 0.792209266 0.099726031 0.293975408 0.618992696 0.437816811 0.401949480 
QUIN_LP_20_             0.113381984 0.123954884 0.109402966 0.087668803 0.112924400 0.119579379 0.000000000 0.148850159 0.147202081 0.094459149 0.131371697 0.123796564 0.094584218 0.104955401 0.106885194 0.147951899 0.077821049 0.096634818 0.120073729 0.114782207 0.073902982 0.102437310 0.076871697 0.091885433 0.082875716 0.075544691 0.118050829 0.078792429 0.067910526 0.111615768 0.059907122 0.116253674 0.101628027 0.250179682 0.330996342 0.318127586 0.323006022 0.328101901 0.302198739 0.312697856 0.274448844 0.149455849 0.166287627 0.150059760 0.267583024 0.659954424 0.788383639 0.104101847 0.294029909 0.620450817 0.439298397 0.404229279 
QUIN_LP_22_             0.131980143 0.151830870 0.133019492 0.093492143 0.094261265 0.133733961 0.148850159 0.000000000 0.003989288 0.132907284 0.144714046 0.137546016 0.125445480 0.132988321 0.128940095 0.127766369 0.162577476 0.145702998 0.134135104 0.121364352 0.093346712 0.114421809 0.132249893 0.146492574 0.159929662 0.093631245 0.124872801 0.098928596 0.088592475 0.119698779 0.081635839 0.129018950 0.138909990 0.296177594 0.370792098 0.367381583 0.375921213 0.380090599 0.354443027 0.361227683 0.327627437 0.190316345 0.211777181 0.192938758 0.318213035 0.706866259 0.835566102 0.133794809 0.340199964 0.665143536 0.488958199 0.450516000 
QUIN_LP_23_             0.131037496 0.150389245 0.131600994 0.092402479 0.094074012 0.132760406 0.147202081 0.003989288 0.000000000 0.131399340 0.143329547 0.136247007 0.123720863 0.131443202 0.127403360 0.128669979 0.160934635 0.144151996 0.133019997 0.120322851 0.091192791 0.112946144 0.130774255 0.144679462 0.158179190 0.091521048 0.123715578 0.096696176 0.086250761 0.119057700 0.079012111 0.127632800 0.137264940 0.291704895 0.366782302 0.362051279 0.370200417 0.374584149 0.348824375 0.355727093 0.322023197 0.187578355 0.209266133 0.190647329 0.313706866 0.698163275 0.826299669 0.130549831 0.334950589 0.656696914 0.481667524 0.443772205 
QUIN_LP_25_             0.111882907 0.101904470 0.095981084 0.069580756 0.103539830 0.110825569 0.094459149 0.132907284 0.131399340 0.000000000 0.083260032 0.047675135 0.056318858 0.098970456 0.097957157 0.141065845 0.061465175 0.094392093 0.111728784 0.100267586 0.059069762 0.037158299 0.058768504 0.089045837 0.106399489 0.065025961 0.089149351 0.063847719 0.056634172 0.091179549 0.047530818 0.101736987 0.104096519 0.244418293 0.328334036 0.318746369 0.322283596 0.327991589 0.300158109 0.312870977 0.274064512 0.147154860 0.165243739 0.143643826 0.264122823 0.656930542 0.793621244 0.092613398 0.288542929 0.612943962 0.432980287 0.393798657 
QUIN_LP_26_             0.116825956 0.129370971 0.113281999 0.081641349 0.120312754 0.124354444 0.131371697 0.144714046 0.143329547 0.083260032 0.000000000 0.057721892 0.062162075 0.118037727 0.120955988 0.163575228 0.129931027 0.126818311 0.124887743 0.110771164 0.073958556 0.019589773 0.062382355 0.123842190 0.145042542 0.075691675 0.107427803 0.078513971 0.067618485 0.109881716 0.060338433 0.112290527 0.124961410 0.255501071 0.331699804 0.323730251 0.329174780 0.331293133 0.307614985 0.314719630 0.279744520 0.165141337 0.186446430 0.168010879 0.276610076 0.646874082 0.767115225 0.104789186 0.296316648 0.598641037 0.431589336 0.394527568 
QUIN_LP_28_             0.124414101 0.115925853 0.105770470 0.077209893 0.115117102 0.121987584 0.123796564 0.137546016 0.136247007 0.047675135 0.057721892 0.000000000 0.046806913 0.113226854 0.113165537 0.158894716 0.112177949 0.120530202 0.122760962 0.110264101 0.067417978 0.018042576 0.064759958 0.112601437 0.132214143 0.073090803 0.093248053 0.072396706 0.064247775 0.097656853 0.055646863 0.113064189 0.117318061 0.259199534 0.340227930 0.329981655 0.336749885 0.338928295 0.315064708 0.321733660 0.287187331 0.163416280 0.186718739 0.164872418 0.278947997 0.649292117 0.777089441 0.102127293 0.300257358 0.607114708 0.437183892 0.398394154 
QUIN_LP_29_             0.103727019 0.104741517 0.094006448 0.060110520 0.100266883 0.115202576 0.094584218 0.125445480 0.123720863 0.056318858 0.062162075 0.046806913 0.000000000 0.098602253 0.092488656 0.135286746 0.081752958 0.080605255 0.115736746 0.098173496 0.057806834 0.032105045 0.052361416 0.087156778 0.096355852 0.062690488 0.093837837 0.061288670 0.053779890 0.090278698 0.046684685 0.094889247 0.101198983 0.243705890 0.325401400 0.317263837 0.324293170 0.329068501 0.302700809 0.310325796 0.272757149 0.143458045 0.165856703 0.143641590 0.264385792 0.677296285 0.816652009 0.091669965 0.291716303 0.627940305 0.440552067 0.401279672 
QUIN_LP_31_             0.098131030 0.102687692 0.099360071 0.069700897 0.097185082 0.089232590 0.104955401 0.132988321 0.131443202 0.098970456 0.118037727 0.113226854 0.098602253 0.000000000 0.081142545 0.132511421 0.110635338 0.100995139 0.089454648 0.077496294 0.057577634 0.088929706 0.097945606 0.095937124 0.108321005 0.055069677 0.089921985 0.059877084 0.051026401 0.094258016 0.042767708 0.070659651 0.067351474 0.225594213 0.305507187 0.298921398 0.296131726 0.301623321 0.275944545 0.286209379 0.250746363 0.136954611 0.153580193 0.133681806 0.246155303 0.618775617 0.747671760 0.085146474 0.269135307 0.580361848 0.404397874 0.370696305 
QUIN_LP_32_             0.099089277 0.069950785 0.089532224 0.067581194 0.083297928 0.098138011 0.106885194 0.128940095 0.127403360 0.097957157 0.120955988 0.113165537 0.092488656 0.081142545 0.000000000 0.125288444 0.108103971 0.096637044 0.098781394 0.082050214 0.059042335 0.089886448 0.093948790 0.087716444 0.109035029 0.056472980 0.091591850 0.057451733 0.051770737 0.093069172 0.041787831 0.076430065 0.084699901 0.238247943 0.319675624 0.312329647 0.315138426 0.319574711 0.292352629 0.302818069 0.265322481 0.143423950 0.160977489 0.140980377 0.258812107 0.635986124 0.768303795 0.089483390 0.279186453 0.594880110 0.418383649 0.381236080 
QUIN_LP_37_             0.148022693 0.121196258 0.128264880 0.091780734 0.014101494 0.121558973 0.147951899 0.127766369 0.128669979 0.141065845 0.163575228 0.158894716 0.135286746 0.132511421 0.125288444 0.000000000 0.151537910 0.149061221 0.121609067 0.125036250 0.098648652 0.134022006 0.127616592 0.132623844 0.152264364 0.097836030 0.106842830 0.092872286 0.090282573 0.135600123 0.077337449 0.128785514 0.120795940 0.295930311 0.375337745 0.371950403 0.374199780 0.383843110 0.358238386 0.368219703 0.331118662 0.189873229 0.206785313 0.185066012 0.316071351 0.709973872 0.843567833 0.135698968 0.338213145 0.664307872 0.489235035 0.449109880 
QUIN_LP_40_             0.113930457 0.119131674 0.113248230 0.085215029 0.116182730 0.119511880 0.077821049 0.162577476 0.160934635 0.061465175 0.129931027 0.112177949 0.081752958 0.110635338 0.108103971 0.151537910 0.000000000 0.082611387 0.119968702 0.119607184 0.078443268 0.092674029 0.081820480 0.082990371 0.087782776 0.080562850 0.121045800 0.080828881 0.067595795 0.120791779 0.061193007 0.115284085 0.110477247 0.254260113 0.336426237 0.324098865 0.328519463 0.337148286 0.312953432 0.324064678 0.281148514 0.151905904 0.167283406 0.149080400 0.274905332 0.677955490 0.817035548 0.108285476 0.303282327 0.636354244 0.453344992 0.414593663 
QUIN_LP_41_             0.107491910 0.116284260 0.104678217 0.078264186 0.108283738 0.114445304 0.096634818 0.145702998 0.144151996 0.094392093 0.126818311 0.120530202 0.080605255 0.100995139 0.096637044 0.149061221 0.082611387 0.000000000 0.114908800 0.103289670 0.068434655 0.095691201 0.099546309 0.072614169 0.090905432 0.069818452 0.112369926 0.072060114 0.062811672 0.101759747 0.055645300 0.106062084 0.102547184 0.244555452 0.321132731 0.315164235 0.315639715 0.321939165 0.297831254 0.304987404 0.270426569 0.142821213 0.158086097 0.139705689 0.263937329 0.662165683 0.795340310 0.100848676 0.288819145 0.617857764 0.439215772 0.400176186 
QUIN_LP_43_             0.106493902 0.117542444 0.101552015 0.082280938 0.089875252 0.011998821 0.120073729 0.134135104 0.133019997 0.111728784 0.124887743 0.122760962 0.115736746 0.089454648 0.098781394 0.121609067 0.119968702 0.114908800 0.000000000 0.095743585 0.070746038 0.097344191 0.105062973 0.106943374 0.125170060 0.061863546 0.105674898 0.072718588 0.060499795 0.109596441 0.052812074 0.092288436 0.089238069 0.250970101 0.330590590 0.325267064 0.328274886 0.332214340 0.308230032 0.314232035 0.278769496 0.157621099 0.177090539 0.155643651 0.274684315 0.660175814 0.795588944 0.100822669 0.295658229 0.621987802 0.440412077 0.404621470 
QUIN_LP_44_             0.092825776 0.100162488 0.090770406 0.066914505 0.084658053 0.095282157 0.114782207 0.121364352 0.120322851 0.100267586 0.110771164 0.110264101 0.098173496 0.077496294 0.082050214 0.125036250 0.119607184 0.103289670 0.095743585 0.000000000 0.059582753 0.083041771 0.094174458 0.096074228 0.110622094 0.055814190 0.082648252 0.058466017 0.052681661 0.091345899 0.045227446 0.065273438 0.082515617 0.242079402 0.323004212 0.314031982 0.317437281 0.321967814 0.294222714 0.304773682 0.269441368 0.146357631 0.163427932 0.143748829 0.262776425 0.653821600 0.786075449 0.091740147 0.284652756 0.606105750 0.428264898 0.389379035 
QUIN_LP_52_             0.071074930 0.069397484 0.055628008 0.025821109 0.059453098 0.069821012 0.073902982 0.093346712 0.091192791 0.059069762 0.073958556 0.067417978 0.057806834 0.057577634 0.059042335 0.098648652 0.078443268 0.068434655 0.070746038 0.059582753 0.000000000 0.050812318 0.059573910 0.061728252 0.075023518 0.026197611 0.058282961 0.025661929 0.020888430 0.024976917 0.014488580 0.062143138 0.062317714 0.161850423 0.236689380 0.220957596 0.224716965 0.229146764 0.202993062 0.212694523 0.179108030 0.086950584 0.104081901 0.090252851 0.174361941 0.511875449 0.632225213 0.041441545 0.193974694 0.474469541 0.308863420 0.278981985 
QUIN_LP_55_             0.094643916 0.099857254 0.086156170 0.059973811 0.093038010 0.096690248 0.102437310 0.114421809 0.112946144 0.037158299 0.019589773 0.018042576 0.032105045 0.088929706 0.089886448 0.134022006 0.092674029 0.095691201 0.097344191 0.083041771 0.050812318 0.000000000 0.030527817 0.094294314 0.112821996 0.052988878 0.071909618 0.053200302 0.046190416 0.078841808 0.039964450 0.085870512 0.095421910 0.242810737 0.324950415 0.321893541 0.328216009 0.329819412 0.304696733 0.312898273 0.274695696 0.144490295 0.166866939 0.144248132 0.266263113 0.678893169 0.819539306 0.086053302 0.289436984 0.628812321 0.441575104 0.399356541 
QUIN_LP_56_             0.093864138 0.107593611 0.088514117 0.070362161 0.087907142 0.104364258 0.076871697 0.132249893 0.130774255 0.058768504 0.062382355 0.064759958 0.052361416 0.097945606 0.093948790 0.127616592 0.081820480 0.099546309 0.105062973 0.094174458 0.059573910 0.030527817 0.000000000 0.076539974 0.090590042 0.060552974 0.094405307 0.060911115 0.051751601 0.100941093 0.044621240 0.096897796 0.101318836 0.239637332 0.319883252 0.312957739 0.318341418 0.323100835 0.294831351 0.306052303 0.268751450 0.142617695 0.162266989 0.142482404 0.261852421 0.669194079 0.808180752 0.089279531 0.287015045 0.622317951 0.437365547 0.396583000 
QUIN_LP_58_             0.103174945 0.104898863 0.090421599 0.070250374 0.091846151 0.106098466 0.091885433 0.146492574 0.144679462 0.089045837 0.123842190 0.112601437 0.087156778 0.095937124 0.087716444 0.132623844 0.082990371 0.072614169 0.106943374 0.096074228 0.061728252 0.094294314 0.076539974 0.000000000 0.087466216 0.065732460 0.100701353 0.064110789 0.056134302 0.094280228 0.048156095 0.098057063 0.097534725 0.233641137 0.318053739 0.308276729 0.312093602 0.319822609 0.294745050 0.304288797 0.269177459 0.135960205 0.150544193 0.134169754 0.257206480 0.656020669 0.797078509 0.093229961 0.283083081 0.612479042 0.432323667 0.392940077 
QUIN_LP_59_             0.115026732 0.122212818 0.115898054 0.084063307 0.108858732 0.124494633 0.082875716 0.159929662 0.158179190 0.106399489 0.145042542 0.132214143 0.096355852 0.108321005 0.109035029 0.152264364 0.087782776 0.090905432 0.125170060 0.110622094 0.075023518 0.112821996 0.090590042 0.087466216 0.000000000 0.079347203 0.118183937 0.077604112 0.069007562 0.109041250 0.061091503 0.115967960 0.108970599 0.252482478 0.331784541 0.321889599 0.327810177 0.334439420 0.308204282 0.318585735 0.283017348 0.147810216 0.162733031 0.145322087 0.268836326 0.663394145 0.800010639 0.107179185 0.297668886 0.627918162 0.445888113 0.409756255 
QUIN_LP_5_              0.066224243 0.067821881 0.061850588 0.039284358 0.059260429 0.061188963 0.075544691 0.093631245 0.091521048 0.065025961 0.075691675 0.073090803 0.062690488 0.055069677 0.056472980 0.097836030 0.080562850 0.069818452 0.061863546 0.055814190 0.026197611 0.052988878 0.060552974 0.065732460 0.079347203 0.000000000 0.062392528 0.027936708 0.021051830 0.062294589 0.015330927 0.058756683 0.058067420 0.161124745 0.236444467 0.219809663 0.223465117 0.227484674 0.201224111 0.211093186 0.178219048 0.090155585 0.108531604 0.094058551 0.175460067 0.513140010 0.631875124 0.042678404 0.194224777 0.475032270 0.308996089 0.279628058 
QUIN_LP_61_             0.098990457 0.090252639 0.062289367 0.065242803 0.079841156 0.104968237 0.118050829 0.124872801 0.123715578 0.089149351 0.107427803 0.093248053 0.093837837 0.089921985 0.091591850 0.106842830 0.121045800 0.112369926 0.105674898 0.082648252 0.058282961 0.071909618 0.094405307 0.100701353 0.118183937 0.062392528 0.000000000 0.039405075 0.053655860 0.079211339 0.047305772 0.094661150 0.091586318 0.247571133 0.331385149 0.325548536 0.325572083 0.331619783 0.303724598 0.314474154 0.280674510 0.147590545 0.161343591 0.141882696 0.270038095 0.673172954 0.815618590 0.096500626 0.295725647 0.630011435 0.446919485 0.405734060 
QUIN_LP_62_             0.071430301 0.067573553 0.056960697 0.040377913 0.056817942 0.071883565 0.078792429 0.098928596 0.096696176 0.063847719 0.078513971 0.072396706 0.061288670 0.059877084 0.057451733 0.092872286 0.080828881 0.072060114 0.072718588 0.058466017 0.025661929 0.053200302 0.060911115 0.064110789 0.077604112 0.027936708 0.039405075 0.000000000 0.022135977 0.059302653 0.015290526 0.062812495 0.059624255 0.168999647 0.244640286 0.229523160 0.232277997 0.237172456 0.210217612 0.220806551 0.187138499 0.092024381 0.109014558 0.094429126 0.181623529 0.522389119 0.643725050 0.044569186 0.201198932 0.484121711 0.318257590 0.286951433 
QUIN_LP_63_             0.059153934 0.056074829 0.056029631 0.034023026 0.052587642 0.059737424 0.067910526 0.088592475 0.086250761 0.056634172 0.067618485 0.064247775 0.053779890 0.051026401 0.051770737 0.090282573 0.067595795 0.062811672 0.060499795 0.052681661 0.020888430 0.046190416 0.051751601 0.056134302 0.069007562 0.021051830 0.053655860 0.022135977 0.000000000 0.056940491 0.011157305 0.052268467 0.054047276 0.148599482 0.222514484 0.206006687 0.208906197 0.214171877 0.188404255 0.197812512 0.164485627 0.079343239 0.097817465 0.083778645 0.161811869 0.495380964 0.612932733 0.035125396 0.181448454 0.456057227 0.291691676 0.262859280 
QUIN_LP_64_             0.108340323 0.095542523 0.073406105 0.024483565 0.092476891 0.109110662 0.111615768 0.119698779 0.119057700 0.091179549 0.109881716 0.097656853 0.090278698 0.094258016 0.093069172 0.135600123 0.120791779 0.101759747 0.109596441 0.091345899 0.024976917 0.078841808 0.100941093 0.094280228 0.109041250 0.062294589 0.079211339 0.059302653 0.056940491 0.000000000 0.048915996 0.101335878 0.097528709 0.252186384 0.334857859 0.327587180 0.332603989 0.338357773 0.310075144 0.319630851 0.284745152 0.141661570 0.155137899 0.139820187 0.270393654 0.671286451 0.813171613 0.097485597 0.293517868 0.630867977 0.447766787 0.406637306 
QUIN_LP_65_             0.055241404 0.048732276 0.047564997 0.028360647 0.041768249 0.052011147 0.059907122 0.081635839 0.079012111 0.047530818 0.060338433 0.055646863 0.046684685 0.042767708 0.041787831 0.077337449 0.061193007 0.055645300 0.052812074 0.045227446 0.014488580 0.039964450 0.044621240 0.048156095 0.061091503 0.015330927 0.047305772 0.015290526 0.011157305 0.048915996 0.000000000 0.045741007 0.045460710 0.133929977 0.207102470 0.190480913 0.193178826 0.197671405 0.171760090 0.181829567 0.148306577 0.067869602 0.086137506 0.072349853 0.145856675 0.473604981 0.591566171 0.027213582 0.165095265 0.436471861 0.272633236 0.244887325 
QUIN_LP_7_              0.095363010 0.100824930 0.096907760 0.072477555 0.091932395 0.091916501 0.116253674 0.129018950 0.127632800 0.101736987 0.112290527 0.113064189 0.094889247 0.070659651 0.076430065 0.128785514 0.115284085 0.106062084 0.092288436 0.065273438 0.062143138 0.085870512 0.096897796 0.098057063 0.115967960 0.058756683 0.094661150 0.062812495 0.052268467 0.101335878 0.045741007 0.000000000 0.088522401 0.236164357 0.315559704 0.307986111 0.310875438 0.314636878 0.288514315 0.299926721 0.263006124 0.142804392 0.160679960 0.141119276 0.256715628 0.631911576 0.761942790 0.090376657 0.278392581 0.591901941 0.416025039 0.380469051 
QUIN_LP_8_              0.094336888 0.099005792 0.095634975 0.070168793 0.089147970 0.089136447 0.101628027 0.138909990 0.137264940 0.104096519 0.124961410 0.117318061 0.101198983 0.067351474 0.084699901 0.120795940 0.110477247 0.102547184 0.089238069 0.082515617 0.062317714 0.095421910 0.101318836 0.097534725 0.108970599 0.058067420 0.091586318 0.059624255 0.054047276 0.097528709 0.045460710 0.088522401 0.000000000 0.237656959 0.319923191 0.311646603 0.313826527 0.320029696 0.290697634 0.302488633 0.265615015 0.143361866 0.162033054 0.140704474 0.260075382 0.641675973 0.772680323 0.092640086 0.282536602 0.601897856 0.422672148 0.387202418 
COM_LP_269_Du-703       0.245965655 0.258442622 0.247267027 0.217843510 0.249645693 0.249629570 0.250179682 0.296177594 0.291704895 0.244418293 0.255501071 0.259199534 0.243705890 0.225594213 0.238247943 0.295930311 0.254260113 0.244555452 0.250970101 0.242079402 0.161850423 0.242810737 0.239637332 0.233641137 0.252482478 0.161124745 0.247571133 0.168999647 0.148599482 0.252186384 0.133929977 0.236164357 0.237656959 0.000000000 0.137585582 0.174427958 0.185114528 0.189276268 0.169011444 0.176451017 0.160413268 0.215923651 0.236109725 0.241109593 0.195598246 0.528209583 0.613293403 0.143521756 0.268135118 0.493519979 0.356506141 0.341192918 
DOV_LP_080_Du-176       0.325754694 0.341849862 0.331031226 0.302155558 0.332057939 0.329590668 0.330996342 0.370792098 0.366782302 0.328334036 0.331699804 0.340227930 0.325401400 0.305507187 0.319675624 0.375337745 0.336426237 0.321132731 0.330590590 0.323004212 0.236689380 0.324950415 0.319883252 0.318053739 0.331784541 0.236444467 0.331385149 0.244640286 0.222514484 0.334857859 0.207102470 0.315559704 0.319923191 0.137585582 0.000000000 0.211747520 0.241193920 0.246278915 0.209824407 0.230691090 0.211598976 0.274393357 0.291376666 0.304369186 0.216903596 0.554289752 0.599165526 0.209558260 0.327598084 0.519077107 0.397802716 0.385512936 
RIC_LP_199_Du-528       0.312877218 0.333918226 0.319473552 0.293550626 0.327126576 0.324118078 0.318127586 0.367381583 0.362051279 0.318746369 0.323730251 0.329981655 0.317263837 0.298921398 0.312329647 0.371950403 0.324098865 0.315164235 0.325267064 0.314031982 0.220957596 0.321893541 0.312957739 0.308276729 0.321889599 0.219809663 0.325548536 0.229523160 0.206006687 0.327587180 0.190480913 0.307986111 0.311646603 0.174427958 0.211747520 0.000000000 0.113207307 0.111224990 0.094252671 0.096415598 0.099014851 0.250432707 0.268368258 0.288368162 0.229912062 0.632586173 0.720052644 0.205439649 0.342592148 0.590109209 0.446505613 0.428014275 
CROB_LP_177_Du-389      0.317803853 0.337262466 0.322411632 0.299307431 0.327818570 0.327294741 0.323006022 0.375921213 0.370200417 0.322283596 0.329174780 0.336749885 0.324293170 0.296131726 0.315138426 0.374199780 0.328519463 0.315639715 0.328274886 0.317437281 0.224716965 0.328216009 0.318341418 0.312093602 0.327810177 0.223465117 0.325572083 0.232277997 0.208906197 0.332603989 0.193178826 0.310875438 0.313826527 0.185114528 0.241193920 0.113207307 0.000000000 0.100124685 0.089026500 0.088104935 0.085831991 0.253284111 0.273245092 0.290286874 0.225670358 0.632495294 0.718219010 0.208727312 0.346355800 0.591051338 0.449169664 0.430783739 
KIRN_LP_184_Du-426      0.325796997 0.343870311 0.325856362 0.303981362 0.334932238 0.330868096 0.328101901 0.380090599 0.374584149 0.327991589 0.331293133 0.338928295 0.329068501 0.301623321 0.319574711 0.383843110 0.337148286 0.321939165 0.332214340 0.321967814 0.229146764 0.329819412 0.323100835 0.319822609 0.334439420 0.227484674 0.331619783 0.237172456 0.214171877 0.338357773 0.197671405 0.314636878 0.320029696 0.189276268 0.246278915 0.111224990 0.100124685 0.000000000 0.082149574 0.076360744 0.082874340 0.258272848 0.275342384 0.295766459 0.233762139 0.643741237 0.736474484 0.214190301 0.354126115 0.598568806 0.457860185 0.436943500 
MALV_LP_095_Du-201      0.297684958 0.317899647 0.297389541 0.275810235 0.310343930 0.307000015 0.302198739 0.354443027 0.348824375 0.300158109 0.307614985 0.315064708 0.302700809 0.275944545 0.292352629 0.358238386 0.312953432 0.297831254 0.308230032 0.294222714 0.202993062 0.304696733 0.294831351 0.294745050 0.308204282 0.201224111 0.303724598 0.210217612 0.188404255 0.310075144 0.171760090 0.288514315 0.290697634 0.169011444 0.209824407 0.094252671 0.089026500 0.082149574 0.000000000 0.070484688 0.069102781 0.233220703 0.251921366 0.269899355 0.209737525 0.631253623 0.712312704 0.188898151 0.330149054 0.583414971 0.438527605 0.415406600 
TULP_LP_120_Du-248      0.307354121 0.325668284 0.309736453 0.285425678 0.319413692 0.312981151 0.312697856 0.361227683 0.355727093 0.312870977 0.314719630 0.321733660 0.310325796 0.286209379 0.302818069 0.368219703 0.324064678 0.304987404 0.314232035 0.304773682 0.212694523 0.312898273 0.306052303 0.304288797 0.318585735 0.211093186 0.314474154 0.220806551 0.197812512 0.319630851 0.181829567 0.299926721 0.302488633 0.176451017 0.230691090 0.096415598 0.088104935 0.076360744 0.070484688 0.000000000 0.070222941 0.242257873 0.260772001 0.281191101 0.224671241 0.642457297 0.736986943 0.199227173 0.340556113 0.597989847 0.450305166 0.429554084 
DUD_LP_136_Du-287       0.274489886 0.291487604 0.274975962 0.248654215 0.281561748 0.277548614 0.274448844 0.327627437 0.322023197 0.274064512 0.279744520 0.287187331 0.272757149 0.250746363 0.265322481 0.331118662 0.281148514 0.270426569 0.278769496 0.269441368 0.179108030 0.274695696 0.268751450 0.269177459 0.283017348 0.178219048 0.280674510 0.187138499 0.164485627 0.284745152 0.148306577 0.263006124 0.265615015 0.160413268 0.211598976 0.099014851 0.085831991 0.082874340 0.069102781 0.070222941 0.000000000 0.219920801 0.236046503 0.251112308 0.202452503 0.610625954 0.691883236 0.164708059 0.309821081 0.564300561 0.413072884 0.394446838 
STI_LP_034_Du-52        0.152707070 0.155611842 0.140644364 0.115865592 0.143586004 0.157079925 0.149455849 0.190316345 0.187578355 0.147154860 0.165141337 0.163416280 0.143458045 0.136954611 0.143423950 0.189873229 0.151905904 0.142821213 0.157621099 0.146357631 0.086950584 0.144490295 0.142617695 0.135960205 0.147810216 0.090155585 0.147590545 0.092024381 0.079343239 0.141661570 0.067869602 0.142804392 0.143361866 0.215923651 0.274393357 0.250432707 0.253284111 0.258272848 0.233220703 0.242257873 0.219920801 0.000000000 0.086802241 0.112905032 0.210549154 0.560370645 0.670713068 0.097122146 0.236885761 0.526324564 0.372500161 0.343039381 
RSV_LP_050_Du-87        0.168153161 0.170494988 0.155799220 0.131513280 0.161358774 0.176376025 0.166287627 0.211777181 0.209266133 0.165243739 0.186446430 0.186718739 0.165856703 0.153580193 0.160977489 0.206785313 0.167283406 0.158086097 0.177090539 0.163427932 0.104081901 0.166866939 0.162266989 0.150544193 0.162733031 0.108531604 0.161343591 0.109014558 0.097817465 0.155137899 0.086137506 0.160679960 0.162033054 0.236109725 0.291376666 0.268368258 0.273245092 0.275342384 0.251921366 0.260772001 0.236046503 0.086802241 0.000000000 0.113100233 0.221391738 0.576918732 0.686242181 0.116161093 0.247100298 0.550669851 0.396783925 0.365559770 
QUI1_LP_255_Du-654      0.150102627 0.155185603 0.140745832 0.114042816 0.139207523 0.155039546 0.150059760 0.192938758 0.190647329 0.143643826 0.168010879 0.164872418 0.143641590 0.133681806 0.140980377 0.185066012 0.149080400 0.139705689 0.155643651 0.143748829 0.090252851 0.144248132 0.142482404 0.134169754 0.145322087 0.094058551 0.141882696 0.094429126 0.083778645 0.139820187 0.072349853 0.141119276 0.140704474 0.241109593 0.304369186 0.288368162 0.290286874 0.295766459 0.269899355 0.281191101 0.251112308 0.112905032 0.113100233 0.000000000 0.234820486 0.557808250 0.671178976 0.104466615 0.252045459 0.542142857 0.384050675 0.357997879 
BAI_LP_105_Du-222       0.267135036 0.280240712 0.265691242 0.238451569 0.268875420 0.273350963 0.267583024 0.318213035 0.313706866 0.264122823 0.276610076 0.278947997 0.264385792 0.246155303 0.258812107 0.316071351 0.274905332 0.263937329 0.274684315 0.262776425 0.174361941 0.266263113 0.261852421 0.257206480 0.268836326 0.175460067 0.270038095 0.181623529 0.161811869 0.270393654 0.145856675 0.256715628 0.260075382 0.195598246 0.216903596 0.229912062 0.225670358 0.233762139 0.209737525 0.224671241 0.202452503 0.210549154 0.221391738 0.234820486 0.000000000 0.422619566 0.473544258 0.138529063 0.250490826 0.400165308 0.290739839 0.280588469 
CY_HICN_LP_236_Du-614   0.659898253 0.663401048 0.657869782 0.663039209 0.675139713 0.657146114 0.659954424 0.706866259 0.698163275 0.656930542 0.646874082 0.649292117 0.677296285 0.618775617 0.635986124 0.709973872 0.677955490 0.662165683 0.660175814 0.653821600 0.511875449 0.678893169 0.669194079 0.656020669 0.663394145 0.513140010 0.673172954 0.522389119 0.495380964 0.671286451 0.473604981 0.631911576 0.641675973 0.528209583 0.554289752 0.632586173 0.632495294 0.643741237 0.631253623 0.642457297 0.610625954 0.560370645 0.576918732 0.557808250 0.422619566 0.000000000 0.070202382 0.330664004 0.253545355 0.226443322 0.203057160 0.235837184 
CY_SIE_LP_189_Du-446    0.787643912 0.798137911 0.798295260 0.812991836 0.819189118 0.792209266 0.788383639 0.835566102 0.826299669 0.793621244 0.767115225 0.777089441 0.816652009 0.747671760 0.768303795 0.843567833 0.817035548 0.795340310 0.795588944 0.786075449 0.632225213 0.819539306 0.808180752 0.797078509 0.800010639 0.631875124 0.815618590 0.643725050 0.612932733 0.813171613 0.591566171 0.761942790 0.772680323 0.613293403 0.599165526 0.720052644 0.718219010 0.736474484 0.712312704 0.736986943 0.691883236 0.670713068 0.686242181 0.671178976 0.473544258 0.070202382 0.000000000 0.406473548 0.283948616 0.220562135 0.212120248 0.250274379 
CY_HUN_LP_267_Du-686    0.100997394 0.106132901 0.094339576 0.071761357 0.092787498 0.099726031 0.104101847 0.133794809 0.130549831 0.092613398 0.104789186 0.102127293 0.091669965 0.085146474 0.089483390 0.135698968 0.108285476 0.100848676 0.100822669 0.091740147 0.041441545 0.086053302 0.089279531 0.093229961 0.107179185 0.042678404 0.096500626 0.044569186 0.035125396 0.097485597 0.027213582 0.090376657 0.092640086 0.143521756 0.209558260 0.205439649 0.208727312 0.214190301 0.188898151 0.199227173 0.164708059 0.097122146 0.116161093 0.104466615 0.138529063 0.330664004 0.406473548 0.000000000 0.141469245 0.321810544 0.192552074 0.184932949 
CY_BOU_LP_290_Du-739    0.291877154 0.300524586 0.286151909 0.262607878 0.290744416 0.293975408 0.294029909 0.340199964 0.334950589 0.288542929 0.296316648 0.300257358 0.291716303 0.269135307 0.279186453 0.338213145 0.303282327 0.288819145 0.295658229 0.284652756 0.193974694 0.289436984 0.287015045 0.283083081 0.297668886 0.194224777 0.295725647 0.201198932 0.181448454 0.293517868 0.165095265 0.278392581 0.282536602 0.268135118 0.327598084 0.342592148 0.346355800 0.354126115 0.330149054 0.340556113 0.309821081 0.236885761 0.247100298 0.252045459 0.250490826 0.253545355 0.283948616 0.141469245 0.000000000 0.336075669 0.245446300 0.250443617 
ABMU_HOR_LP_308_Du-777  0.611649172 0.622351778 0.615189561 0.617261300 0.633019478 0.618992696 0.620450817 0.665143536 0.656696914 0.612943962 0.598641037 0.607114708 0.627940305 0.580361848 0.594880110 0.664307872 0.636354244 0.617857764 0.621987802 0.606105750 0.474469541 0.628812321 0.622317951 0.612479042 0.627918162 0.475032270 0.630011435 0.484121711 0.456057227 0.630867977 0.436471861 0.591901941 0.601897856 0.493519979 0.519077107 0.590109209 0.591051338 0.598568806 0.583414971 0.597989847 0.564300561 0.526324564 0.550669851 0.542142857 0.400165308 0.226443322 0.220562135 0.321810544 0.336075669 0.000000000 0.105575788 0.056643349 
ABBE_BERN_LP_312_Du-781 0.435323012 0.446966055 0.435567297 0.418824740 0.443505984 0.437816811 0.439298397 0.488958199 0.481667524 0.432980287 0.431589336 0.437183892 0.440552067 0.404397874 0.418383649 0.489235035 0.453344992 0.439215772 0.440412077 0.428264898 0.308863420 0.441575104 0.437365547 0.432323667 0.445888113 0.308996089 0.446919485 0.318257590 0.291691676 0.447766787 0.272633236 0.416025039 0.422672148 0.356506141 0.397802716 0.446505613 0.449169664 0.457860185 0.438527605 0.450305166 0.413072884 0.372500161 0.396783925 0.384050675 0.290739839 0.203057160 0.212120248 0.192552074 0.245446300 0.105575788 0.000000000 0.094002351 
ABAB_MAD_LP_322_Du-593  0.397433799 0.407400142 0.394686251 0.379538132 0.404020047 0.401949480 0.404229279 0.450516000 0.443772205 0.393798657 0.394527568 0.398394154 0.401279672 0.370696305 0.381236080 0.449109880 0.414593663 0.400176186 0.404621470 0.389379035 0.278981985 0.399356541 0.396583000 0.392940077 0.409756255 0.279628058 0.405734060 0.286951433 0.262859280 0.406637306 0.244887325 0.380469051 0.387202418 0.341192918 0.385512936 0.428014275 0.430783739 0.436943500 0.415406600 0.429554084 0.394446838 0.343039381 0.365559770 0.357997879 0.280588469 0.235837184 0.250274379 0.184932949 0.250443617 0.056643349 0.094002351 0.000000000 
