53
QUIN_LP_10_             0.000000000 0.120071649 0.101880756 0.073911972 0.104547472 0.106269967 0.113260068 0.133225177 0.132248747 0.111728378 0.116556120 0.124181680 0.103629046 0.097955754 0.098879364 0.148120743 0.113855975 0.107368783 0.106286832 0.092671221 0.070804743 0.094484377 0.093712125 0.103045697 0.114948732 0.065940451 0.098910259 0.071141346 0.058862082 0.108243097 0.054930066 0.124280589 0.095169361 0.094167382 0.245256252 0.325918469 0.313078268 0.317729422 0.325921587 0.297809931 0.307478568 0.273937365 0.152378910 0.168222707 0.149709121 0.266149151 0.655541379 0.783925357 0.099777648 0.289103462 0.606805943 0.430509060 0.392364916 
QUIN_LP_11_             0.120071649 0.000000000 0.097545103 0.066243317 0.088280804 0.116786884 0.123778487 0.153224518 0.151797666 0.101739360 0.129157365 0.115750252 0.104627436 0.102523119 0.069810226 0.121255682 0.118951627 0.116082082 0.117322127 0.100037026 0.069348741 0.099699275 0.107344495 0.104689995 0.122018616 0.067798649 0.090114978 0.067500518 0.056060545 0.095401353 0.048726388 0.142743762 0.100674893 0.098846553 0.257591146 0.341785462 0.333853256 0.336873273 0.343715438 0.317729553 0.325523600 0.290697123 0.155245807 0.170403008 0.154741959 0.279086160 0.659022399 0.794211082 0.105167948 0.297784771 0.617520362 0.442170811 0.402460662 
QUIN_LP_14_             0.101880756 0.097545103 0.000000000 0.058630284 0.089323501 0.101316730 0.109290070 0.134514207 0.133067224 0.095788878 0.113069425 0.105585706 0.093905015 0.099211485 0.089389357 0.128360123 0.113112019 0.104517737 0.101417399 0.090676244 0.055527004 0.086025480 0.088347273 0.090290621 0.115717079 0.061784660 0.062191070 0.056854611 0.055974039 0.073309954 0.047459843 0.124672172 0.096737988 0.095512078 0.246453978 0.331045406 0.319539467 0.322114652 0.325792860 0.297311249 0.309722566 0.274279782 0.140285436 0.155747665 0.140383065 0.264586356 0.653322200 0.794281786 0.093296630 0.283324195 0.610085393 0.430621568 0.389524582 
QUIN_LP_17_             0.073911972 0.066243317 0.058630284 0.000000000 0.060217585 0.081739167 0.087525202 0.095101923 0.093946651 0.069405346 0.081396462 0.077001949 0.060028469 0.069479828 0.067436278 0.091976230 0.085094813 0.078147049 0.082087092 0.066801952 0.025616355 0.059888436 0.070218997 0.070135054 0.083925311 0.039010774 0.065181154 0.040080609 0.033770997 0.024441773 0.028039449 0.086091432 0.072272824 0.070016892 0.216995324 0.302177704 0.293573482 0.298972317 0.303893389 0.275737249 0.285341028 0.247881738 0.115470495 0.131505295 0.113589040 0.237242032 0.657874839 0.808315224 0.070430562 0.259419248 0.611505192 0.413289263 0.373803329 
QUIN_LP_19_             0.104547472 0.088280804 0.089323501 0.060217585 0.000000000 0.089293788 0.112911195 0.095823668 0.095652637 0.103345356 0.120063124 0.114917137 0.100292895 0.096888541 0.083103311 0.014125348 0.116185322 0.108206300 0.089780385 0.084543555 0.058872080 0.093005203 0.087808021 0.091749052 0.108785590 0.058690746 0.079845212 0.056219903 0.051951997 0.092441433 0.041087812 0.089730597 0.091730217 0.088954655 0.248721834 0.332179480 0.327406246 0.327650161 0.335001072 0.310462756 0.319545252 0.280885855 0.143151575 0.161403948 0.138694434 0.267650609 0.670644104 0.815378543 0.091025646 0.287603852 0.627898572 0.438122924 0.398395726 
QUIN_LP_1_              0.106269967 0.116786884 0.101316730 0.081739167 0.089293788 0.000000000 0.119437326 0.135037944 0.134041585 0.110621468 0.124027307 0.121690643 0.115046074 0.088971495 0.097902460 0.121653463 0.119391797 0.114254144 0.011943627 0.095138602 0.069437165 0.096494645 0.104134569 0.105912611 0.124310197 0.060822817 0.104812095 0.071480614 0.059314530 0.108911105 0.051560911 0.125427628 0.091681814 0.088933472 0.248844773 0.329632306 0.324261652 0.327058982 0.330892150 0.307023990 0.313011447 0.276883607 0.156653178 0.176355671 0.154551237 0.272237706 0.652659774 0.788218679 0.098280230 0.291065247 0.613864378 0.432797422 0.396724870 
QUIN_LP_20_             0.113260068 0.123778487 0.109290070 0.087525202 0.112911195 0.119437326 0.000000000 0.150173519 0.148529429 0.094333829 0.131174309 0.123649314 0.094507038 0.104820547 0.106757638 0.148106169 0.077767202 0.096503926 0.119953433 0.114666973 0.073812655 0.102344291 0.076770146 0.091756728 0.082782337 0.075482803 0.117889570 0.078693895 0.067857939 0.111468390 0.059885875 0.140244217 0.116084206 0.101499761 0.249429765 0.331073854 0.318236984 0.322785688 0.328098515 0.302224981 0.312712342 0.273836098 0.149100767 0.166255664 0.149698310 0.266509688 0.655730228 0.784723421 0.103101799 0.291288497 0.615644035 0.434554248 0.399225504 
QUIN_LP_22_             0.133225177 0.153224518 0.134514207 0.095101923 0.095823668 0.135037944 0.150173519 0.000000000 0.003993673 0.134173881 0.145066927 0.138238569 0.126818339 0.133383023 0.129639253 0.129466581 0.164662834 0.147573390 0.135484666 0.122397333 0.091166384 0.116191745 0.133979738 0.148230313 0.161741205 0.091461819 0.126809305 0.096909915 0.085991768 0.121592747 0.078555426 0.004851710 0.129586626 0.139952787 0.296912618 0.373878497 0.370768507 0.378741544 0.383300076 0.357765464 0.364374935 0.329255540 0.191164918 0.214256541 0.193539438 0.318783104 0.705696971 0.836148534 0.129544757 0.337907370 0.662549009 0.484903081 0.445569312 
QUIN_LP_23_             0.132248747 0.151797666 0.133067224 0.093946651 0.095652637 0.134041585 0.148529429 0.003993673 0.000000000 0.132670040 0.143723110 0.136980689 0.125102301 0.131877357 0.128123064 0.130401180 0.162993764 0.145979796 0.134337581 0.121312856 0.089165955 0.114677530 0.132493371 0.146388840 0.159956058 0.089507138 0.125590033 0.094824447 0.083839434 0.120881632 0.076124006 0.006023912 0.128205983 0.138326589 0.292504548 0.369872789 0.365480970 0.373034360 0.377792016 0.352128541 0.358891771 0.323705140 0.188495434 0.211733547 0.191285517 0.314360407 0.697027862 0.826843253 0.126569216 0.332832327 0.654180691 0.477804530 0.439029801 
QUIN_LP_25_             0.111728378 0.101739360 0.095788878 0.069405346 0.103345356 0.110621468 0.094333829 0.134173881 0.132670040 0.000000000 0.083061415 0.047569716 0.056213399 0.098730951 0.097741647 0.141093320 0.061364966 0.094161221 0.111526089 0.100114561 0.058885247 0.037054880 0.058621481 0.088883371 0.106216972 0.064920539 0.088948353 0.063710494 0.056505656 0.090947639 0.047416823 0.124165175 0.101510759 0.103876798 0.243670585 0.328361096 0.318840830 0.322020871 0.327980382 0.300127078 0.312883972 0.273434710 0.146759673 0.165137074 0.143199068 0.263039771 0.652392674 0.789643987 0.091550997 0.285787433 0.607946822 0.428074531 0.388736687 
QUIN_LP_26_             0.116556120 0.129157365 0.113069425 0.081396462 0.120063124 0.124027307 0.131174309 0.145066927 0.143723110 0.083061415 0.000000000 0.057541841 0.061980445 0.117712724 0.120628876 0.163487381 0.129881707 0.126583246 0.124569382 0.110524697 0.073575811 0.019497095 0.062259222 0.123657064 0.144839419 0.075384031 0.107111648 0.078187399 0.067330827 0.109564583 0.060001884 0.135570948 0.112000034 0.124706566 0.255031250 0.332088014 0.324233857 0.329346444 0.331601547 0.307940574 0.315070365 0.279484280 0.164881008 0.186526020 0.167673271 0.275894027 0.643033856 0.763800886 0.103545417 0.293744692 0.594347257 0.427302049 0.389940259 
QUIN_LP_28_             0.124181680 0.115750252 0.105585706 0.077001949 0.114917137 0.121690643 0.123649314 0.138238569 0.136980689 0.047569716 0.057541841 0.000000000 0.046705784 0.112892480 0.112878009 0.158837517 0.112150903 0.120325749 0.122468316 0.110066823 0.067087948 0.017949485 0.064612173 0.112424637 0.132044421 0.072760900 0.093044646 0.072034396 0.063894353 0.097441154 0.055262313 0.128908459 0.112759295 0.117050249 0.258582357 0.340468592 0.330350846 0.336802201 0.339187610 0.315327853 0.322027102 0.286780909 0.163031211 0.186715180 0.164498180 0.278039170 0.645120409 0.773493818 0.100829052 0.297549306 0.602551303 0.432598127 0.393608955 
QUIN_LP_29_             0.103629046 0.104627436 0.093905015 0.060028469 0.100292895 0.115046074 0.094507038 0.126818339 0.125102301 0.056213399 0.061980445 0.046705784 0.000000000 0.098433361 0.092327863 0.135489970 0.081668618 0.080479714 0.115588257 0.098088317 0.057630472 0.032045895 0.052293430 0.087049306 0.096267877 0.062578140 0.093743320 0.061137291 0.053646290 0.090163329 0.046486261 0.117636095 0.094787983 0.101057482 0.242894700 0.325442164 0.317365702 0.324027971 0.329046753 0.302695579 0.310310025 0.272062882 0.143090538 0.165826714 0.143195553 0.263310398 0.672623194 0.812670279 0.090495136 0.288758805 0.622770470 0.435416003 0.395989602 
QUIN_LP_31_             0.097955754 0.102523119 0.099211485 0.069479828 0.096888541 0.088971495 0.104820547 0.133383023 0.131877357 0.098730951 0.117712724 0.112892480 0.098433361 0.000000000 0.080969383 0.132390907 0.110539603 0.100806296 0.089211497 0.077278891 0.057419545 0.088634323 0.097668895 0.095807386 0.108178996 0.054972187 0.089671483 0.059709413 0.050904603 0.093974445 0.042680887 0.122863596 0.070506599 0.067200750 0.225220486 0.305881816 0.299465940 0.296354015 0.302089212 0.276341176 0.286654925 0.250561348 0.136771190 0.153715846 0.133387329 0.245502441 0.615078083 0.744450180 0.084219122 0.266791167 0.576065318 0.400191564 0.366188974 
QUIN_LP_32_             0.098879364 0.069810226 0.089389357 0.067436278 0.083103311 0.097902460 0.106757638 0.129639253 0.128123064 0.097741647 0.120628876 0.112878009 0.092327863 0.080969383 0.000000000 0.125268621 0.108028264 0.096460162 0.098552014 0.081916499 0.058759445 0.089641904 0.093728669 0.087574374 0.108883728 0.056169712 0.091424639 0.057151621 0.051470863 0.092874250 0.041503364 0.119477075 0.076238254 0.084536775 0.237669419 0.319980068 0.312699062 0.315223945 0.319875545 0.292651488 0.303144553 0.264903618 0.143080692 0.161033520 0.140617643 0.258008581 0.632016486 0.764962808 0.088269003 0.276591879 0.590423749 0.413919276 0.376495652 
QUIN_LP_37_             0.148120743 0.121255682 0.128360123 0.091976230 0.014125348 0.121653463 0.148106169 0.129466581 0.130401180 0.141093320 0.163487381 0.158837517 0.135489970 0.132390907 0.125268621 0.000000000 0.151747991 0.149174516 0.121716162 0.125136251 0.098159263 0.134204863 0.127708340 0.132717488 0.152379052 0.097391766 0.107039283 0.092397984 0.089763108 0.135799306 0.076752270 0.124980337 0.128744634 0.120778592 0.295180102 0.375670662 0.372336767 0.374153071 0.384038190 0.358477163 0.368448652 0.330596445 0.189612743 0.207015624 0.184762956 0.315007788 0.705823103 0.840106302 0.134024776 0.335353176 0.659649880 0.484249757 0.443907064 
QUIN_LP_40_             0.113855975 0.118951627 0.113112019 0.085094813 0.116185322 0.119391797 0.077767202 0.164662834 0.162993764 0.061364966 0.129881707 0.112150903 0.081668618 0.110539603 0.108028264 0.151747991 0.000000000 0.082495678 0.119870327 0.119558553 0.078446259 0.092591777 0.081710766 0.082879157 0.087645448 0.080671494 0.120938836 0.080854139 0.067673797 0.120605625 0.061302929 0.153356618 0.115207869 0.110348933 0.253385403 0.336215426 0.323918704 0.328020361 0.336830772 0.312655526 0.323779980 0.280360631 0.151526908 0.167141924 0.148691285 0.273665656 0.673143931 0.812585024 0.107401741 0.300444648 0.631098885 0.448209093 0.409436425 
QUIN_LP_41_             0.107368783 0.116082082 0.104517737 0.078147049 0.108206300 0.114254144 0.096503926 0.147573390 0.145979796 0.094161221 0.126583246 0.120325749 0.080479714 0.100806296 0.096460162 0.149174516 0.082495678 0.000000000 0.114712214 0.103179572 0.068354699 0.095517320 0.099331715 0.072491882 0.090744323 0.069766571 0.112202558 0.071929188 0.062771492 0.101571507 0.055613130 0.136665264 0.105889285 0.102369934 0.243633267 0.320960225 0.314990766 0.315142832 0.321632598 0.297568221 0.304787590 0.269592752 0.142439255 0.157960375 0.139275056 0.262679380 0.657229715 0.790892488 0.099827806 0.285879795 0.612505474 0.434005950 0.394873158 
QUIN_LP_43_             0.106286832 0.117322127 0.101417399 0.082087092 0.089780385 0.011943627 0.119953433 0.135484666 0.134337581 0.111526089 0.124569382 0.122468316 0.115588257 0.089211497 0.098552014 0.121716162 0.119870327 0.114712214 0.000000000 0.095588905 0.070389297 0.097172403 0.104831770 0.106763884 0.125021389 0.061508220 0.105512233 0.072326932 0.060086671 0.109397742 0.052391767 0.125955401 0.092024588 0.089053625 0.250187748 0.330616451 0.325310084 0.327958088 0.332165309 0.308182579 0.314222468 0.278054113 0.157210018 0.177012818 0.155130661 0.273536811 0.655626937 0.791543718 0.099368797 0.292678543 0.616833260 0.435350887 0.399335008 
QUIN_LP_44_             0.092671221 0.100037026 0.090676244 0.066801952 0.084543555 0.095138602 0.114666973 0.122397333 0.121312856 0.100114561 0.110524697 0.110066823 0.098088317 0.077278891 0.081916499 0.125136251 0.119558553 0.103179572 0.095588905 0.000000000 0.059298676 0.082927232 0.094052122 0.096005692 0.110517567 0.055568856 0.082540113 0.058179179 0.052375022 0.091224487 0.044936847 0.113591587 0.065170636 0.082386893 0.241457404 0.323248168 0.314343527 0.317394047 0.322185571 0.294432014 0.305057713 0.268951679 0.146039794 0.163520606 0.143399254 0.261888891 0.649611051 0.782407568 0.090505245 0.281956587 0.601400230 0.423624297 0.384485887 
QUIN_LP_52_             0.070804743 0.069348741 0.055527004 0.025616355 0.058872080 0.069437165 0.073812655 0.091166384 0.089165955 0.058885247 0.073575811 0.067087948 0.057630472 0.057419545 0.058759445 0.098159263 0.078446259 0.068354699 0.070389297 0.059298676 0.000000000 0.050439038 0.059439751 0.061714616 0.075068764 0.026074324 0.057944016 0.025536147 0.020806640 0.024721277 0.014407926 0.079449426 0.061898814 0.062235620 0.162629635 0.238440675 0.222943087 0.226435232 0.231086194 0.204860721 0.214614386 0.180249247 0.087129016 0.104742751 0.090387254 0.174892712 0.510283794 0.631474659 0.040944420 0.192726064 0.472338481 0.306571271 0.276240288 
QUIN_LP_55_             0.094484377 0.099699275 0.086025480 0.059888436 0.093005203 0.096494645 0.102344291 0.116191745 0.114677530 0.037054880 0.019497095 0.017949485 0.032045895 0.088634323 0.089641904 0.134204863 0.092591777 0.095517320 0.097172403 0.082927232 0.050439038 0.000000000 0.030453809 0.094133007 0.112664726 0.052627906 0.071836608 0.052827778 0.045789447 0.078721618 0.039553787 0.106290178 0.085653588 0.095176230 0.241864943 0.324850538 0.321811362 0.327750980 0.329610826 0.304487178 0.312732037 0.273847194 0.144034816 0.166759173 0.143705812 0.264975732 0.673625797 0.814728822 0.084581839 0.286197730 0.623073323 0.436010951 0.393612598 
QUIN_LP_56_             0.093712125 0.107344495 0.088347273 0.070218997 0.087808021 0.104134569 0.076770146 0.133979738 0.132493371 0.058621481 0.062259222 0.064612173 0.052293430 0.097668895 0.093728669 0.127708340 0.081710766 0.099331715 0.104831770 0.094052122 0.059439751 0.030453809 0.000000000 0.076356536 0.090445381 0.060461584 0.094221415 0.060735457 0.051633072 0.100752686 0.044519631 0.122955935 0.096717360 0.101110223 0.238727625 0.319745204 0.312819076 0.317821162 0.322822068 0.294573103 0.305822137 0.267900458 0.142163091 0.162113824 0.141976396 0.260554550 0.664118177 0.803539440 0.088188229 0.283982458 0.616926059 0.432113982 0.391171524 
QUIN_LP_58_             0.103045697 0.104689995 0.090290621 0.070135054 0.091749052 0.105912611 0.091756728 0.148230313 0.146388840 0.088883371 0.123657064 0.112424637 0.087049306 0.095807386 0.087574374 0.132717488 0.082879157 0.072491882 0.106763884 0.096005692 0.061714616 0.094133007 0.076356536 0.000000000 0.087304582 0.065794508 0.100548340 0.064061534 0.056142447 0.094095357 0.048172981 0.136880671 0.097882789 0.097387863 0.232820144 0.317897246 0.308146550 0.311636734 0.319573779 0.294518518 0.304081767 0.268451854 0.135554708 0.150426383 0.133766275 0.256039075 0.651230467 0.792758892 0.092323881 0.280304968 0.607321092 0.427277885 0.387817962 
QUIN_LP_59_             0.114948732 0.122018616 0.115717079 0.083925311 0.108785590 0.124310197 0.082782337 0.161741205 0.159956058 0.106216972 0.144839419 0.132044421 0.096267877 0.108178996 0.108883728 0.152379052 0.087645448 0.090744323 0.125021389 0.110517567 0.075068764 0.112664726 0.090445381 0.087304582 0.000000000 0.079446015 0.118002407 0.077577521 0.069032853 0.108855476 0.061144372 0.150648824 0.115845825 0.108789866 0.251634115 0.331628260 0.321765092 0.327308504 0.334152434 0.307935713 0.318345042 0.282196498 0.147442049 0.162588053 0.144881101 0.267624413 0.658636881 0.795716023 0.106285078 0.294794263 0.622767666 0.440891289 0.404617307 
QUIN_LP_5_              0.065940451 0.067798649 0.061784660 0.039010774 0.058690746 0.060822817 0.075482803 0.091461819 0.089507138 0.064920539 0.075384031 0.072760900 0.062578140 0.054972187 0.056169712 0.097391766 0.080671494 0.069766571 0.061508220 0.055568856 0.026074324 0.052627906 0.060461584 0.065794508 0.079446015 0.000000000 0.062045521 0.027834560 0.020980893 0.061978814 0.015252726 0.080066290 0.058535219 0.057993602 0.161898043 0.238162815 0.221741449 0.225176835 0.229510659 0.203111168 0.212955591 0.179321265 0.090401465 0.109229636 0.094206298 0.175998860 0.511608131 0.631179873 0.042194820 0.192990014 0.472928430 0.306689561 0.276916399 
QUIN_LP_61_             0.098910259 0.090114978 0.062191070 0.065181154 0.079845212 0.104812095 0.117889570 0.126809305 0.125590033 0.088948353 0.107111648 0.093044646 0.093743320 0.089671483 0.091424639 0.107039283 0.120938836 0.112202558 0.105512233 0.082540113 0.057944016 0.071836608 0.094221415 0.100548340 0.118002407 0.062045521 0.000000000 0.039146014 0.053326479 0.079113904 0.046918798 0.117334741 0.094483787 0.091421050 0.246619869 0.331200697 0.325371007 0.325085566 0.331337721 0.303463178 0.314222082 0.279754686 0.147086159 0.161238837 0.141404767 0.268739493 0.668195340 0.811085318 0.095106486 0.292633525 0.624563967 0.441513476 0.400162325 
QUIN_LP_62_             0.071141346 0.067500518 0.056854611 0.040080609 0.056219903 0.071480614 0.078693895 0.096909915 0.094824447 0.063710494 0.078187399 0.072034396 0.061137291 0.059709413 0.057151621 0.092397984 0.080854139 0.071929188 0.072326932 0.058179179 0.025536147 0.052827778 0.060735457 0.064061534 0.077577521 0.027834560 0.039146014 0.000000000 0.022104958 0.058915503 0.015235527 0.084999661 0.062542404 0.059501191 0.169548756 0.246130928 0.231288571 0.233776035 0.238898717 0.211856436 0.222509351 0.188066909 0.092105287 0.109594660 0.094471946 0.181957632 0.520634391 0.642824523 0.044053560 0.199855799 0.481865059 0.315799255 0.284160110 
QUIN_LP_63_             0.058862082 0.056060545 0.055974039 0.033770997 0.051951997 0.059314530 0.067857939 0.085991768 0.083839434 0.056505656 0.067330827 0.063894353 0.053646290 0.050904603 0.051470863 0.089763108 0.067673797 0.062771492 0.060086671 0.052375022 0.020806640 0.045789447 0.051633072 0.056142447 0.069032853 0.020980893 0.053326479 0.022104958 0.000000000 0.056628374 0.011115146 0.073976415 0.052085397 0.054004858 0.149442304 0.224396818 0.208110160 0.210828576 0.216339139 0.190533308 0.199925961 0.165771271 0.079597642 0.098539941 0.083974718 0.162503670 0.494083916 0.612580485 0.034725291 0.180369420 0.454333254 0.289728877 0.260425982 
QUIN_LP_64_             0.108243097 0.095401353 0.073309954 0.024441773 0.092441433 0.108911105 0.111468390 0.121592747 0.120881632 0.090947639 0.109564583 0.097441154 0.090163329 0.093974445 0.092874250 0.135799306 0.120605625 0.101571507 0.109397742 0.091224487 0.024721277 0.078721618 0.100752686 0.094095357 0.108855476 0.061978814 0.079113904 0.058915503 0.056628374 0.000000000 0.048513044 0.112989408 0.101057268 0.097332264 0.251130159 0.334686674 0.327457743 0.332099442 0.338060436 0.309836179 0.319393278 0.283843440 0.141180519 0.155041345 0.139326831 0.269082556 0.666248992 0.808567016 0.096080396 0.290338013 0.625302269 0.442283939 0.401008240 
QUIN_LP_65_             0.054930066 0.048726388 0.047459843 0.028039449 0.041087812 0.051560911 0.059885875 0.078555426 0.076124006 0.047416823 0.060001884 0.055262313 0.046486261 0.042680887 0.041503364 0.076752270 0.061302929 0.055613130 0.052391767 0.044936847 0.014407926 0.039553787 0.044519631 0.048172981 0.061144372 0.015252726 0.046918798 0.015235527 0.011115146 0.048513044 0.000000000 0.065804457 0.045534903 0.045402740 0.135067336 0.209199559 0.192883059 0.195340327 0.200120679 0.174052278 0.184227170 0.149859103 0.068144839 0.086881616 0.072574230 0.146773005 0.472686300 0.591629668 0.026895096 0.164220392 0.435083455 0.270886749 0.242765509 
QUIN_LP_66_             0.124280589 0.142743762 0.124672172 0.086091432 0.089730597 0.125427628 0.140244217 0.004851710 0.006023912 0.124165175 0.135570948 0.128908459 0.117636095 0.122863596 0.119477075 0.124980337 0.153356618 0.136665264 0.125955401 0.113591587 0.079449426 0.106290178 0.122955935 0.136880671 0.150648824 0.080066290 0.117334741 0.084999661 0.073976415 0.112989408 0.065804457 0.000000000 0.119857147 0.129061968 0.278458723 0.355044070 0.350119365 0.356778823 0.361741631 0.334981949 0.342466063 0.307787048 0.177917528 0.200476975 0.181068061 0.299109577 0.676890702 0.804895351 0.114530544 0.317275539 0.633816246 0.459150268 0.420299947 
QUIN_LP_7_              0.095169361 0.100674893 0.096737988 0.072272824 0.091730217 0.091681814 0.116084206 0.129586626 0.128205983 0.101510759 0.112000034 0.112759295 0.094787983 0.070506599 0.076238254 0.128744634 0.115207869 0.105889285 0.092024588 0.065170636 0.061898814 0.085653588 0.096717360 0.097882789 0.115845825 0.058535219 0.094483787 0.062542404 0.052085397 0.101057268 0.045534903 0.119857147 0.000000000 0.088333159 0.235713123 0.315954753 0.308486246 0.311069276 0.314992279 0.288882806 0.300356902 0.262732753 0.142530590 0.160837561 0.140842274 0.255918263 0.628049684 0.758635482 0.089284142 0.275894428 0.587441646 0.411642067 0.375830113 
QUIN_LP_8_              0.094167382 0.098846553 0.095512078 0.070016892 0.088954655 0.088933472 0.101499761 0.139952787 0.138326589 0.103876798 0.124706566 0.117050249 0.101057482 0.067200750 0.084536775 0.120778592 0.110348933 0.102369934 0.089053625 0.082386893 0.062235620 0.095176230 0.101110223 0.097387863 0.108789866 0.057993602 0.091421050 0.059501191 0.054004858 0.097332264 0.045402740 0.129061968 0.088333159 0.000000000 0.237012135 0.319952154 0.311847122 0.313692785 0.320106073 0.290740050 0.302620671 0.265086430 0.143021626 0.162013847 0.140357838 0.259128089 0.637409415 0.768955288 0.091684406 0.279846728 0.597186759 0.418063814 0.382418428 
COM_LP_269_Du-703       0.245256252 0.257591146 0.246453978 0.216995324 0.248721834 0.248844773 0.249429765 0.296912618 0.292504548 0.243670585 0.255031250 0.258582357 0.242894700 0.225220486 0.237669419 0.295180102 0.253385403 0.243633267 0.250187748 0.241457404 0.162629635 0.241864943 0.238727625 0.232820144 0.251634115 0.161898043 0.246619869 0.169548756 0.149442304 0.251130159 0.135067336 0.278458723 0.235713123 0.237012135 0.000000000 0.137585185 0.174347894 0.184906449 0.189164056 0.168906076 0.176341894 0.160098380 0.215492636 0.235462996 0.240496208 0.195024472 0.524923124 0.610369691 0.143980592 0.266155686 0.490027436 0.353156088 0.337752088 
DOV_LP_080_Du-176       0.325918469 0.341785462 0.331045406 0.302177704 0.332179480 0.329632306 0.331073854 0.373878497 0.369872789 0.328361096 0.332088014 0.340468592 0.325442164 0.305881816 0.319980068 0.375670662 0.336215426 0.320960225 0.330616451 0.323248168 0.238440675 0.324850538 0.319745204 0.317897246 0.331628260 0.238162815 0.331200697 0.246130928 0.224396818 0.334686674 0.209199559 0.355044070 0.315954753 0.319952154 0.137585185 0.000000000 0.211712554 0.240963064 0.246117660 0.209731593 0.230591014 0.211295483 0.274502659 0.291248279 0.304337064 0.216581034 0.551266219 0.596475111 0.210872325 0.326025483 0.515947705 0.394924421 0.382582863 
RIC_LP_199_Du-528       0.313078268 0.333853256 0.319539467 0.293573482 0.327406246 0.324261652 0.318236984 0.370768507 0.365480970 0.318840830 0.324233857 0.330350846 0.317365702 0.299465940 0.312699062 0.372336767 0.323918704 0.314990766 0.325310084 0.314343527 0.222943087 0.321811362 0.312819076 0.308146550 0.321765092 0.221741449 0.325371007 0.231288571 0.208110160 0.327457743 0.192883059 0.350119365 0.308486246 0.311847122 0.174347894 0.211712554 0.000000000 0.113065728 0.111154354 0.094175260 0.096320588 0.098915406 0.250538339 0.268175941 0.288390503 0.229535033 0.629040422 0.716687470 0.207094528 0.341069812 0.586485502 0.443355824 0.424844188 
CROB_LP_177_Du-389      0.317729422 0.336873273 0.322114652 0.298972317 0.327650161 0.327058982 0.322785688 0.378741544 0.373034360 0.322020871 0.329346444 0.336802201 0.324027971 0.296354015 0.315223945 0.374153071 0.328020361 0.315142832 0.327958088 0.317394047 0.226435232 0.327750980 0.317821162 0.311636734 0.327308504 0.225176835 0.325085566 0.233776035 0.210828576 0.332099442 0.195340327 0.356778823 0.311069276 0.313692785 0.184906449 0.240963064 0.113065728 0.000000000 0.100039366 0.088931247 0.088012607 0.085724131 0.253165612 0.272808125 0.290068190 0.225200929 0.628923599 0.714921987 0.210191137 0.344675511 0.587379852 0.445847461 0.427542295 
KIRN_LP_184_Du-426      0.325921587 0.343715438 0.325792860 0.303893389 0.335001072 0.330892150 0.328098515 0.383300076 0.377792016 0.327980382 0.331601547 0.339187610 0.329046753 0.302089212 0.319875545 0.384038190 0.336830772 0.321632598 0.332165309 0.322185571 0.231086194 0.329610826 0.322822068 0.319573779 0.334152434 0.229510659 0.331337721 0.238898717 0.216339139 0.338060436 0.200120679 0.361741631 0.314992279 0.320106073 0.189164056 0.246117660 0.111154354 0.100039366 0.000000000 0.082076358 0.076292702 0.082805192 0.258285787 0.275049643 0.295743597 0.233361211 0.640191619 0.733186462 0.215952503 0.352624596 0.594955669 0.454711747 0.433868244 
MALV_LP_095_Du-201      0.297809931 0.317729553 0.297311249 0.275737249 0.310462756 0.307023990 0.302224981 0.357765464 0.352128541 0.300127078 0.307940574 0.315327853 0.302695579 0.276341176 0.292651488 0.358477163 0.312655526 0.297568221 0.308182579 0.294432014 0.204860721 0.304487178 0.294573103 0.294518518 0.307935713 0.203111168 0.303463178 0.211856436 0.190533308 0.309836179 0.174052278 0.334981949 0.288882806 0.290740050 0.168906076 0.209731593 0.094175260 0.088931247 0.082076358 0.000000000 0.070428707 0.069055638 0.233276200 0.251682764 0.269865120 0.209335092 0.627554174 0.708846929 0.190540785 0.328528666 0.579608906 0.435222460 0.412167095 
TULP_LP_120_Du-248      0.307478568 0.325523600 0.309722566 0.285341028 0.319545252 0.313011447 0.312712342 0.364374935 0.358891771 0.312883972 0.315070365 0.322027102 0.310310025 0.286654925 0.303144553 0.368448652 0.323779980 0.304787590 0.314222468 0.305057713 0.214614386 0.312732037 0.305822137 0.304081767 0.318345042 0.212955591 0.314222082 0.222509351 0.199925961 0.319393278 0.184227170 0.342466063 0.300356902 0.302620671 0.176341894 0.230591014 0.096320588 0.088012607 0.076292702 0.070428707 0.000000000 0.070158193 0.242322936 0.260507822 0.281197345 0.224284386 0.638859080 0.733627527 0.200874761 0.339001395 0.594301250 0.447067244 0.426388781 
DUD_LP_136_Du-287       0.273937365 0.290697123 0.274279782 0.247881738 0.280885855 0.276883607 0.273836098 0.329255540 0.323705140 0.273434710 0.279484280 0.286780909 0.272062882 0.250561348 0.264903618 0.330596445 0.280360631 0.269592752 0.278054113 0.268951679 0.180249247 0.273847194 0.267900458 0.268451854 0.282196498 0.179321265 0.279754686 0.188066909 0.165771271 0.283843440 0.149859103 0.307787048 0.262732753 0.265086430 0.160098380 0.211295483 0.098915406 0.085724131 0.082805192 0.069055638 0.070158193 0.000000000 0.219507006 0.235420023 0.250602351 0.201805862 0.606924140 0.688594051 0.165581171 0.307857310 0.560445310 0.409449637 0.390876644 
STI_LP_034_Du-52        0.152378910 0.155245807 0.140285436 0.115470495 0.143151575 0.156653178 0.149100767 0.191164918 0.188495434 0.146759673 0.164881008 0.163031211 0.143090538 0.136771190 0.143080692 0.189612743 0.151526908 0.142439255 0.157210018 0.146039794 0.087129016 0.144034816 0.142163091 0.135554708 0.147442049 0.090401465 0.147086159 0.092105287 0.079597642 0.141180519 0.068144839 0.177917528 0.142530590 0.143021626 0.215492636 0.274502659 0.250538339 0.253165612 0.258285787 0.233276200 0.242322936 0.219507006 0.000000000 0.086747219 0.112636097 0.209774663 0.556861886 0.667697238 0.096627374 0.234760787 0.522384132 0.368710290 0.338976059 
RSV_LP_050_Du-87        0.168222707 0.170403008 0.155747665 0.131505295 0.161403948 0.176355671 0.166255664 0.214256541 0.211733547 0.165137074 0.186526020 0.186715180 0.165826714 0.153715846 0.161033520 0.207015624 0.167141924 0.157960375 0.177012818 0.163520606 0.104742751 0.166759173 0.162113824 0.150426383 0.162588053 0.109229636 0.161238837 0.109594660 0.098539941 0.155041345 0.086881616 0.200476975 0.160837561 0.162013847 0.235462996 0.291248279 0.268175941 0.272808125 0.275049643 0.251682764 0.260507822 0.235420023 0.086747219 0.000000000 0.112968737 0.220576414 0.573061568 0.682714600 0.116109252 0.245030726 0.546404947 0.392836727 0.361431812 
QUI1_LP_255_Du-654      0.149709121 0.154741959 0.140383065 0.113589040 0.138694434 0.154551237 0.149698310 0.193539438 0.191285517 0.143199068 0.167673271 0.164498180 0.143195553 0.133387329 0.140617643 0.184762956 0.148691285 0.139275056 0.155130661 0.143399254 0.090387254 0.143705812 0.141976396 0.133766275 0.144881101 0.094206298 0.141404767 0.094471946 0.083974718 0.139326831 0.072574230 0.181068061 0.140842274 0.140357838 0.240496208 0.304337064 0.288390503 0.290068190 0.295743597 0.269865120 0.281197345 0.250602351 0.112636097 0.112968737 0.000000000 0.233991244 0.554364537 0.668237563 0.103848455 0.249849003 0.538157954 0.380201548 0.353912574 
BAI_LP_105_Du-222       0.266149151 0.279086160 0.264586356 0.237242032 0.267650609 0.272237706 0.266509688 0.318783104 0.314360407 0.263039771 0.275894027 0.278039170 0.263310398 0.245502441 0.258008581 0.315007788 0.273665656 0.262679380 0.273536811 0.261888891 0.174892712 0.264975732 0.260554550 0.256039075 0.267624413 0.175998860 0.268739493 0.181957632 0.162503670 0.269082556 0.146773005 0.299109577 0.255918263 0.259128089 0.195024472 0.216581034 0.229535033 0.225200929 0.233361211 0.209335092 0.224284386 0.201805862 0.209774663 0.220576414 0.233991244 0.000000000 0.420029699 0.471386365 0.138939793 0.248606483 0.397386340 0.287947305 0.277717884 
CY_HICN_LP_236_Du-614   0.655541379 0.659022399 0.653322200 0.657874839 0.670644104 0.652659774 0.655730228 0.705696971 0.697027862 0.652392674 0.643033856 0.645120409 0.672623194 0.615078083 0.632016486 0.705823103 0.673143931 0.657229715 0.655626937 0.649611051 0.510283794 0.673625797 0.664118177 0.651230467 0.658636881 0.511608131 0.668195340 0.520634391 0.494083916 0.666248992 0.472686300 0.676890702 0.628049684 0.637409415 0.524923124 0.551266219 0.629040422 0.628923599 0.640191619 0.627554174 0.638859080 0.606924140 0.556861886 0.573061568 0.554364537 0.420029699 0.000000000 0.070114666 0.330195577 0.252867175 0.224381232 0.201168945 0.233766931 
CY_SIE_LP_189_Du-446    0.783925357 0.794211082 0.794281786 0.808315224 0.815378543 0.788218679 0.784723421 0.836148534 0.826843253 0.789643987 0.763800886 0.773493818 0.812670279 0.744450180 0.764962808 0.840106302 0.812585024 0.790892488 0.791543718 0.782407568 0.631474659 0.814728822 0.803539440 0.792758892 0.795716023 0.631179873 0.811085318 0.642824523 0.612580485 0.808567016 0.591629668 0.804895351 0.758635482 0.768955288 0.610369691 0.596475111 0.716687470 0.714921987 0.733186462 0.708846929 0.733627527 0.688594051 0.667697238 0.682714600 0.668237563 0.471386365 0.070114666 0.000000000 0.406834197 0.283589977 0.218679630 0.210516438 0.248456237 
CY_HUN_LP_267_Du-686    0.099777648 0.105167948 0.093296630 0.070430562 0.091025646 0.098280230 0.103101799 0.129544757 0.126569216 0.091550997 0.103545417 0.100829052 0.090495136 0.084219122 0.088269003 0.134024776 0.107401741 0.099827806 0.099368797 0.090505245 0.040944420 0.084581839 0.088188229 0.092323881 0.106285078 0.042194820 0.095106486 0.044053560 0.034725291 0.096080396 0.026895096 0.114530544 0.089284142 0.091684406 0.143980592 0.210872325 0.207094528 0.210191137 0.215952503 0.190540785 0.200874761 0.165581171 0.096627374 0.116109252 0.103848455 0.138939793 0.330195577 0.406834197 0.000000000 0.140418887 0.320872678 0.191309452 0.183259030 
CY_BOU_LP_290_Du-739    0.289103462 0.297784771 0.283324195 0.259419248 0.287603852 0.291065247 0.291288497 0.337907370 0.332832327 0.285787433 0.293744692 0.297549306 0.288758805 0.266791167 0.276591879 0.335353176 0.300444648 0.285879795 0.292678543 0.281956587 0.192726064 0.286197730 0.283982458 0.280304968 0.294794263 0.192990014 0.292633525 0.199855799 0.180369420 0.290338013 0.164220392 0.317275539 0.275894428 0.279846728 0.266155686 0.326025483 0.341069812 0.344675511 0.352624596 0.328528666 0.339001395 0.307857310 0.234760787 0.245030726 0.249849003 0.248606483 0.252867175 0.283589977 0.140418887 0.000000000 0.333284107 0.242724736 0.247468798 
ABMU_HOR_LP_308_Du-777  0.606805943 0.617520362 0.610085393 0.611505192 0.627898572 0.613864378 0.615644035 0.662549009 0.654180691 0.607946822 0.594347257 0.602551303 0.622770470 0.576065318 0.590423749 0.659649880 0.631098885 0.612505474 0.616833260 0.601400230 0.472338481 0.623073323 0.616926059 0.607321092 0.622767666 0.472928430 0.624563967 0.481865059 0.454333254 0.625302269 0.435083455 0.633816246 0.587441646 0.597186759 0.490027436 0.515947705 0.586485502 0.587379852 0.594955669 0.579608906 0.594301250 0.560445310 0.522384132 0.546404947 0.538157954 0.397386340 0.224381232 0.218679630 0.320872678 0.333284107 0.000000000 0.105473159 0.056649862 
ABBE_BERN_LP_312_Du-781 0.430509060 0.442170811 0.430621568 0.413289263 0.438122924 0.432797422 0.434554248 0.484903081 0.477804530 0.428074531 0.427302049 0.432598127 0.435416003 0.400191564 0.413919276 0.484249757 0.448209093 0.434005950 0.435350887 0.423624297 0.306571271 0.436010951 0.432113982 0.427277885 0.440891289 0.306689561 0.441513476 0.315799255 0.289728877 0.442283939 0.270886749 0.459150268 0.411642067 0.418063814 0.353156088 0.394924421 0.443355824 0.445847461 0.454711747 0.435222460 0.447067244 0.409449637 0.368710290 0.392836727 0.380201548 0.287947305 0.201168945 0.210516438 0.191309452 0.242724736 0.105473159 0.000000000 0.093758515 
ABAB_MAD_LP_322_Du-593  0.392364916 0.402460662 0.389524582 0.373803329 0.398395726 0.396724870 0.399225504 0.445569312 0.439029801 0.388736687 0.389940259 0.393608955 0.395989602 0.366188974 0.376495652 0.443907064 0.409436425 0.394873158 0.399335008 0.384485887 0.276240288 0.393612598 0.391171524 0.387817962 0.404617307 0.276916399 0.400162325 0.284160110 0.260425982 0.401008240 0.242765509 0.420299947 0.375830113 0.382418428 0.337752088 0.382582863 0.424844188 0.427542295 0.433868244 0.412167095 0.426388781 0.390876644 0.338976059 0.361431812 0.353912574 0.277717884 0.233766931 0.248456237 0.183259030 0.247468798 0.056649862 0.093758515 0.000000000 
