1.5047134 -0.2052341 -0.2213187 -0.2283676 -0.2140867 -0.2082190 -0.1626623 -0.1316439 1.1807264 -0.1609607 -0.2310159 -0.1164270
-0.2052341 0.8635994 0.0867970 -0.2243665 0.3189905 0.0658651 0.0122480 -0.1836774 -0.2235901 0.0137333 -0.2218968 -0.1959757
-0.2213187 0.0867970 0.9133114 -0.3688094 0.0941867 0.4178276 0.2600834 -0.3066678 -0.2501078 0.2610065 -0.3670973 -0.3205236
-0.2283676 -0.2243665 -0.3688094 1.1821976 -0.2245627 -0.3589544 -0.3267076 -0.0349670 -0.2800051 -0.3216863 0.9093390 -0.0080085
-0.2140867 0.3189905 0.0941867 -0.2245627 0.9046773 0.0755677 0.0220794 -0.1886956 -0.2307864 0.0222319 -0.2225839 -0.2000860
-0.2082190 0.0658651 0.4178276 -0.3589544 0.0755677 0.7768158 0.2629020 -0.2998692 -0.2410252 0.2625543 -0.3569415 -0.3151453
-0.1626623 0.0122480 0.2600834 -0.3267076 0.0220794 0.2629020 0.7624745 -0.2738809 -0.1853081 0.3589602 -0.3249359 -0.2869889
-0.1316439 -0.1836774 -0.3066678 -0.0349670 -0.1886956 -0.2998692 -0.2738809 1.0416906 0.0368306 -0.2661948 -0.0282437 0.6987311
1.1807264 -0.2235901 -0.2501078 -0.2800051 -0.2307864 -0.2410252 -0.1853081 0.0368306 1.7641561 -0.1815179 -0.2789946 0.0525189
-0.1609607 0.0137333 0.2610065 -0.3216863 0.0222319 0.2625543 0.3589602 -0.2661948 -0.1815179 0.7318285 -0.3193705 -0.2813208
-0.2310159 -0.2218968 -0.3670973 0.9093390 -0.2225839 -0.3569415 -0.3249359 -0.0282437 -0.2789946 -0.3193705 1.1747617 -0.0037232
-0.1164270 -0.1959757 -0.3205236 -0.0080085 -0.2000860 -0.3151453 -0.2869889 0.6987311 0.0525189 -0.2813208 -0.0037232 1.1499548
