0.8335999 0.1032688 0.1080200 0.1000031 0.0826385 0.1058655 0.0971572 0.0852711 0.0849942 0.0905981 0.1161055 0.0955407 0.0922662 0.1111249 0.1162121 0.0756137 0.1079656 0.1065485 0.1066354 0.1303021 0.1035947 0.1036329 0.1162735 0.1055225 0.1009829 0.1111642 0.1147740 0.1131359 0.1170666 0.0900885 0.1067925 0.0830345 0.1274042 0.1246808 -0.1264749 -0.1396403 -0.1409435 -0.1538462 -0.1535228 -0.1452927 -0.1487138 -0.1557436 0.0052149 0.0008352 0.0285076 -0.1706587 -0.4610787 -0.4741358 -0.4239492 -0.2967539 -0.4620873 -0.4432997 -0.4579504
0.1032688 0.8279380 0.1297933 0.1365049 0.1196559 0.1006630 0.0837938 0.0386413 0.0386285 0.1226322 0.1108814 0.1294913 0.1041027 0.1177104 0.1991560 0.1288734 0.1026673 0.0977699 0.1002457 0.1235891 0.1247178 0.1092112 0.0949375 0.1175612 0.0903296 0.1223809 0.1412446 0.1353829 0.1447093 0.1301378 0.1421551 0.0386530 0.1301341 0.1339277 -0.1429439 -0.1574837 -0.1680377 -0.1788593 -0.1763092 -0.1686510 -0.1731114 -0.1811337 0.0145920 0.0135953 0.0335223 -0.1861121 -0.4631799 -0.4834624 -0.4377293 -0.2925917 -0.4968846 -0.4736680 -0.4932525
0.1080200 0.1297933 0.7925360 0.1347854 0.1018697 0.1061393 0.0964976 0.0656150 0.0653131 0.1122988 0.1108838 0.1185569 0.1064259 0.0931726 0.1182997 0.1072055 0.0988157 0.0909370 0.1063182 0.1222402 0.1305179 0.1079089 0.1138023 0.1168476 0.0871955 0.1092072 0.1831781 0.1340994 0.1151061 0.1616465 0.1162124 0.0625040 0.1090536 0.1100848 -0.1465375 -0.1615095 -0.1630804 -0.1722561 -0.1639289 -0.1567674 -0.1639696 -0.1664286 0.0124577 0.0134063 0.0307773 -0.1770211 -0.4605283 -0.4799133 -0.4315401 -0.2933509 -0.4820154 -0.4611425 -0.4785358
0.1000031 0.1365049 0.1347854 0.7259778 0.1166413 0.0949773 0.0903342 0.0896381 0.0891902 0.1036217 0.1059128 0.1076708 0.1126888 0.1031758 0.1121200 0.1231739 0.0844341 0.0838036 0.0950648 0.1062032 0.1559929 0.1017918 0.0893191 0.0946020 0.1011605 0.1108815 0.1102159 0.1147528 0.1143800 0.2552622 0.1129396 0.0893901 0.0997350 0.1075894 -0.1351167 -0.1483807 -0.1585356 -0.1705062 -0.1662558 -0.1589666 -0.1604350 -0.1643737 -0.0006192 0.0017597 0.0283693 -0.1771759 -0.4492925 -0.4647733 -0.4215021 -0.2907397 -0.4706998 -0.4482343 -0.4678546
0.0826385 0.1196559 0.1018697 0.1166413 0.8363774 0.1285969 0.0663861 0.2177701 0.2199514 0.0486871 0.0473022 0.0496615 0.0521579 0.0815149 0.1146431 0.4626489 0.0492778 0.0507151 0.1282875 0.1094636 0.0985778 0.0459939 0.0619249 0.0743376 0.0795777 0.1102934 0.1060710 0.1054801 0.0994807 0.0857150 0.1116576 0.2208764 0.1092710 0.1061362 -0.1483938 -0.1614345 -0.1751559 -0.1843575 -0.1823912 -0.1789952 -0.1805390 -0.1783152 -0.0190432 -0.0234062 0.0100225 -0.1922355 -0.4218931 -0.4434622 -0.4142360 -0.2804137 -0.4917903 -0.4630111 -0.4894064
0.1058655 0.1006630 0.1061393 0.0949773 0.1285969 0.8281515 0.0782533 0.0964700 0.0980372 0.0719464 0.0847495 0.0810875 0.0528450 0.1284496 0.1260038 0.1350394 0.0744184 0.0782680 0.4225468 0.1204551 0.1030886 0.0826059 0.0702582 0.0822135 0.0852539 0.1270046 0.0891296 0.1052687 0.1118748 0.0813752 0.1121530 0.0989229 0.1344222 0.1417813 -0.1326620 -0.1485939 -0.1630027 -0.1741498 -0.1686427 -0.1644711 -0.1635087 -0.1709626 -0.0079495 -0.0170265 0.0224934 -0.1863899 -0.4259052 -0.4460026 -0.4165663 -0.2747078 -0.4963324 -0.4678493 -0.4945077
0.0971572 0.0837938 0.0964976 0.0903342 0.0663861 0.0782533 0.8798962 0.0124611 0.0110772 0.1401991 0.0952921 0.0993818 0.1280839 0.0994861 0.1053294 0.0628068 0.1947986 0.1334026 0.0773590 0.0748250 0.1042544 0.0894593 0.1654357 0.1428438 0.1976882 0.0907358 0.0668766 0.0993225 0.1043135 0.0896350 0.1031022 0.0066654 0.0850180 0.1153034 -0.1149661 -0.1442394 -0.1475571 -0.1553540 -0.1490987 -0.1469833 -0.1515101 -0.1468451 0.0212800 0.0110522 0.0476724 -0.1562589 -0.4292313 -0.4439499 -0.4016959 -0.2752236 -0.4433531 -0.4215625 -0.4393874
0.0852711 0.0386413 0.0656150 0.0896381 0.2177701 0.0964700 0.0124611 1.0934467 0.8204388 0.0120756 0.0224400 0.0296032 0.0468075 0.0413189 0.0686224 0.2337779 -0.0208156 0.0004285 0.0968382 0.1052041 0.0800844 0.0413830 0.0018305 -0.0171392 -0.0190145 0.1103743 0.0732559 0.0549708 0.0681042 0.0886380 0.0715583 0.8080608 0.0785151 0.0344423 -0.1782487 -0.1593224 -0.1709540 -0.1942272 -0.1940341 -0.1908980 -0.1720145 -0.1799306 -0.0836603 -0.0829986 -0.0856450 -0.2198831 -0.4611563 -0.4715953 -0.4243944 -0.3393745 -0.4391381 -0.4263185 -0.4362220
0.0849942 0.0386285 0.0653131 0.0891902 0.2199514 0.0980372 0.0110772 0.8204388 1.1079906 0.0104129 0.0211201 0.0284751 0.0444672 0.0415209 0.0692480 0.2350833 -0.0228443 -0.0005558 0.0977839 0.1055949 0.0798375 0.0394120 -0.0000552 -0.0174288 -0.0201961 0.1105665 0.0728506 0.0547309 0.0676443 0.0872640 0.0714138 0.8044746 0.0786245 0.0343042 -0.1774640 -0.1592270 -0.1709703 -0.1928578 -0.1927089 -0.1899867 -0.1708913 -0.1783073 -0.0838883 -0.0840223 -0.0861799 -0.2199561 -0.4614210 -0.4720767 -0.4243110 -0.3392948 -0.4387508 -0.4262535 -0.4360858
0.0905981 0.1226322 0.1122988 0.1036217 0.0486871 0.0719464 0.1401991 0.0120756 0.0104129 0.8033814 0.1975003 0.2702138 0.2069713 0.0933251 0.1030558 0.0593945 0.2369677 0.1298013 0.0707756 0.0935316 0.1258995 0.2392402 0.2008339 0.1291650 0.1160604 0.0984563 0.1154566 0.1241842 0.1199853 0.1177034 0.1206819 0.0067517 0.0969089 0.0880856 -0.1515793 -0.1698554 -0.1751008 -0.1829937 -0.1779398 -0.1703113 -0.1788020 -0.1759559 -0.0010227 -0.0078105 0.0246206 -0.1827722 -0.4992210 -0.5141926 -0.4414905 -0.3373834 -0.4166477 -0.4086533 -0.4098518
0.1161055 0.1108814 0.1108838 0.1059128 0.0473022 0.0847495 0.0952921 0.0224400 0.0211201 0.1975003 0.9005716 0.3152723 0.2375405 0.0929599 0.0987950 0.0457921 0.1107979 0.0975550 0.0834364 0.1123246 0.1246362 0.3580053 0.2320305 0.0919497 0.0809377 0.1073103 0.1143284 0.1276478 0.1263208 0.1081264 0.1195055 0.0184098 0.1137186 0.0863842 -0.1590536 -0.1716593 -0.1824111 -0.1920145 -0.1831250 -0.1795466 -0.1807253 -0.1858723 -0.0086622 -0.0227152 0.0074021 -0.1940954 -0.5205652 -0.5299531 -0.4396329 -0.3583706 -0.3666393 -0.3686657 -0.3587648
0.0955407 0.1294913 0.1185569 0.1076708 0.0496615 0.0810875 0.0993818 0.0296032 0.0284751 0.2702138 0.3152723 0.8635247 0.2616642 0.0938696 0.1064205 0.0496570 0.1394227 0.1016975 0.0794946 0.1021284 0.1332772 0.3614406 0.2165782 0.1057689 0.0916757 0.1068266 0.1329833 0.1346485 0.1282840 0.1242052 0.1258096 0.0254898 0.1036780 0.0903624 -0.1719870 -0.1876923 -0.1924539 -0.2044226 -0.1947940 -0.1913048 -0.1938150 -0.2000875 -0.0127264 -0.0296051 0.0061666 -0.2031933 -0.5214456 -0.5348577 -0.4489885 -0.3658922 -0.3840517 -0.3848454 -0.3758079
0.0922662 0.1041027 0.1064259 0.1126888 0.0521579 0.0528450 0.1280839 0.0468075 0.0444672 0.2069713 0.2375405 0.2616642 0.7996992 0.0806922 0.0991816 0.0647148 0.1642959 0.1446944 0.0514835 0.0852919 0.1165495 0.2531929 0.2058900 0.1183690 0.1259608 0.0931305 0.0904264 0.1182678 0.1154116 0.1010993 0.1121162 0.0358005 0.0952011 0.0798055 -0.1517751 -0.1616639 -0.1666902 -0.1785652 -0.1766322 -0.1723908 -0.1695099 -0.1680467 -0.0073389 -0.0211524 0.0101417 -0.1803087 -0.5021443 -0.5125909 -0.4364276 -0.3437803 -0.3945068 -0.3902918 -0.3880996
0.1111249 0.1177104 0.0931726 0.1031758 0.0815149 0.1284496 0.0994861 0.0413189 0.0415209 0.0933251 0.0929599 0.0938696 0.0806922 0.8079585 0.1436821 0.0844714 0.0894597 0.0972866 0.1293821 0.1408647 0.1080289 0.0928458 0.0818063 0.0985402 0.1065016 0.1112151 0.1071780 0.1124856 0.1092829 0.0999726 0.1092266 0.0426698 0.1661590 0.1782132 -0.1154505 -0.1366359 -0.1508785 -0.1517352 -0.1497006 -0.1440309 -0.1459806 -0.1535714 0.0147924 0.0128625 0.0480380 -0.1653780 -0.4225584 -0.4402619 -0.4067411 -0.2643256 -0.4814740 -0.4545889 -0.4793124
0.1162121 0.1991560 0.1182997 0.1121200 0.1146431 0.1260038 0.1053294 0.0686224 0.0692480 0.1030558 0.0987950 0.1064205 0.0991816 0.1436821 0.8102462 0.1025092 0.0962463 0.1085554 0.1258592 0.1403264 0.1173610 0.1036531 0.0989722 0.1204078 0.1057321 0.1227643 0.1058466 0.1273956 0.1202945 0.1075261 0.1248570 0.0698376 0.1628439 0.1406652 -0.1383564 -0.1609561 -0.1744714 -0.1823698 -0.1783303 -0.1697135 -0.1742317 -0.1785925 0.0053493 0.0000856 0.0366297 -0.1871431 -0.4468582 -0.4672851 -0.4287889 -0.2864144 -0.4936961 -0.4688531 -0.4901345
0.0756137 0.1288734 0.1072055 0.1231739 0.4626489 0.1350394 0.0628068 0.2337779 0.2350833 0.0593945 0.0457921 0.0496570 0.0647148 0.0844714 0.1025092 0.9474938 0.0593856 0.0489344 0.1355859 0.1104268 0.1021517 0.0432378 0.0609304 0.0704015 0.0535857 0.1120260 0.1247710 0.1133733 0.1031948 0.0879807 0.1169108 0.2374964 0.1088770 0.1099351 -0.1665480 -0.1657495 -0.1783439 -0.1886422 -0.1893810 -0.1845478 -0.1858366 -0.1833877 -0.0302224 -0.0294991 -0.0111438 -0.1968351 -0.4587691 -0.4750469 -0.4355029 -0.2991238 -0.5045835 -0.4797589 -0.5032842
0.1079656 0.1026673 0.0988157 0.0844341 0.0492778 0.0744184 0.1947986 -0.0208156 -0.0228443 0.2369677 0.1107979 0.1394227 0.1642959 0.0894597 0.0962463 0.0593856 0.8621284 0.1765504 0.0735526 0.0726304 0.1038427 0.1217115 0.1623251 0.1719045 0.1902773 0.0868923 0.0732306 0.1080406 0.1176729 0.0732870 0.1129715 -0.0266489 0.0868223 0.0929370 -0.1240707 -0.1426614 -0.1449629 -0.1558604 -0.1555520 -0.1516781 -0.1599200 -0.1456968 0.0187745 0.0146578 0.0424861 -0.1602760 -0.4603767 -0.4779227 -0.4205179 -0.2970743 -0.4399200 -0.4230739 -0.4350348
0.1065485 0.0977699 0.0909370 0.0838036 0.0507151 0.0782680 0.1334026 0.0004285 -0.0005558 0.1298013 0.0975550 0.1016975 0.1446944 0.0972866 0.1085554 0.0489344 0.1765504 0.8273678 0.0774584 0.0921169 0.1048876 0.0986328 0.1030013 0.1701752 0.1494998 0.0927550 0.0737837 0.1060957 0.1066628 0.0964420 0.1037057 -0.0000286 0.0942919 0.0973882 -0.1144897 -0.1248105 -0.1343197 -0.1387052 -0.1338338 -0.1282963 -0.1334857 -0.1392537 0.0327701 0.0325041 0.0535514 -0.1525876 -0.4456044 -0.4614742 -0.4115164 -0.2740312 -0.4586367 -0.4383321 -0.4541502
0.1066354 0.1002457 0.1063182 0.0950648 0.1282875 0.4225468 0.0773590 0.0968382 0.0977839 0.0707756 0.0834364 0.0794946 0.0514835 0.1293821 0.1258592 0.1355859 0.0735526 0.0774584 0.8281237 0.1201672 0.1022177 0.0813195 0.0691636 0.0809686 0.0856032 0.1269239 0.0882968 0.1044428 0.1116139 0.0802097 0.1116868 0.0985220 0.1347494 0.1418968 -0.1326170 -0.1481822 -0.1620170 -0.1728108 -0.1678882 -0.1641782 -0.1628426 -0.1701100 -0.0082790 -0.0170665 0.0230019 -0.1864748 -0.4253205 -0.4453305 -0.4160419 -0.2745534 -0.4959079 -0.4677515 -0.4945888
0.1303021 0.1235891 0.1222402 0.1062032 0.1094636 0.1204551 0.0748250 0.1052041 0.1055949 0.0935316 0.1123246 0.1021284 0.0852919 0.1408647 0.1403264 0.1104268 0.0726304 0.0921169 0.1201672 0.7902136 0.1154567 0.1107109 0.0939582 0.1026939 0.0832487 0.1224248 0.1301654 0.1238658 0.1168962 0.1145613 0.1162215 0.1058332 0.1876131 0.1379686 -0.1411712 -0.1534187 -0.1613623 -0.1690199 -0.1648685 -0.1576246 -0.1610008 -0.1695476 0.0002841 -0.0007505 0.0197570 -0.1844670 -0.4731618 -0.4877709 -0.4378011 -0.3025829 -0.4849362 -0.4651764 -0.4815173
0.1035947 0.1247178 0.1305179 0.1559929 0.0985778 0.1030886 0.1042544 0.0800844 0.0798375 0.1258995 0.1246362 0.1332772 0.1165495 0.1080289 0.1173610 0.1021517 0.1038427 0.1048876 0.1022177 0.1154567 0.7951565 0.1257212 0.1108424 0.1091100 0.1058814 0.1080213 0.1200928 0.1208839 0.1133111 0.2238797 0.1125189 0.0807855 0.1104962 0.1088099 -0.1374418 -0.1494530 -0.1606109 -0.1701006 -0.1673440 -0.1593272 -0.1624503 -0.1670973 0.0165758 0.0165500 0.0385092 -0.1715955 -0.4451049 -0.4628856 -0.4146295 -0.2823967 -0.4603025 -0.4405653 -0.4564116
0.1036329 0.1092112 0.1079089 0.1017918 0.0459939 0.0826059 0.0894593 0.0413830 0.0394120 0.2392402 0.3580053 0.3614406 0.2531929 0.0928458 0.1036531 0.0432378 0.1217115 0.0986328 0.0813195 0.1107109 0.1257212 0.7554636 0.2541712 0.0894690 0.0794205 0.1077617 0.1330741 0.1319503 0.1261756 0.1106627 0.1220649 0.0379809 0.1077666 0.0808907 -0.1603591 -0.1707078 -0.1822219 -0.1932190 -0.1837973 -0.1781668 -0.1816737 -0.1884789 -0.0164830 -0.0292426 0.0003002 -0.1990540 -0.5221334 -0.5324982 -0.4537134 -0.3627315 -0.4009987 -0.3982636 -0.3925757
0.1162735 0.0949375 0.1138023 0.0893191 0.0619249 0.0702582 0.1654357 0.0018305 -0.0000552 0.2008339 0.2320305 0.2165782 0.2058900 0.0818063 0.0989722 0.0609304 0.1623251 0.1030013 0.0691636 0.0939582 0.1108424 0.2541712 0.7774122 0.1486258 0.1394498 0.0952059 0.0952611 0.1195220 0.1181719 0.0809504 0.1148259 0.0009900 0.0907353 0.0807650 -0.1346350 -0.1471912 -0.1561313 -0.1663678 -0.1621001 -0.1540494 -0.1594468 -0.1649721 0.0014613 -0.0068900 0.0160368 -0.1773570 -0.4960915 -0.5100929 -0.4380813 -0.3322663 -0.4170332 -0.4092739 -0.4091375
0.1055225 0.1175612 0.1168476 0.0946020 0.0743376 0.0822135 0.1428438 -0.0171392 -0.0174288 0.1291650 0.0919497 0.1057689 0.1183690 0.0985402 0.1204078 0.0704015 0.1719045 0.1701752 0.0809686 0.1026939 0.1091100 0.0894690 0.1486258 0.8085963 0.1571573 0.0919146 0.0859210 0.1137049 0.1132373 0.0999679 0.1122235 -0.0192195 0.0997041 0.1006407 -0.1056329 -0.1288204 -0.1352330 -0.1466264 -0.1459540 -0.1417830 -0.1450521 -0.1540868 0.0342048 0.0326522 0.0540125 -0.1572023 -0.4460422 -0.4670721 -0.4158030 -0.2739919 -0.4698163 -0.4486817 -0.4661971
0.1009829 0.0903296 0.0871955 0.1011605 0.0795777 0.0852539 0.1976882 -0.0190145 -0.0201961 0.1160604 0.0809377 0.0916757 0.1259608 0.1065016 0.1057321 0.0535857 0.1902773 0.1494998 0.0856032 0.0832487 0.1058814 0.0794205 0.1394498 0.1571573 0.8808162 0.0902216 0.0711562 0.1088118 0.1082310 0.0928525 0.1063355 -0.0227270 0.0970202 0.1091083 -0.1096142 -0.1362388 -0.1449268 -0.1542886 -0.1543040 -0.1512077 -0.1546059 -0.1549298 0.0303752 0.0280449 0.0678822 -0.1502642 -0.4050659 -0.4266941 -0.3923257 -0.2552504 -0.4585419 -0.4329320 -0.4556096
0.1111642 0.1223809 0.1092072 0.1108815 0.1102934 0.1270046 0.0907358 0.1103743 0.1105665 0.0984563 0.1073103 0.1068266 0.0931305 0.1112151 0.1227643 0.1120260 0.0868923 0.0927550 0.1269239 0.1224248 0.1080213 0.1077617 0.0952059 0.0919146 0.0902216 0.8021382 0.1060349 0.1094875 0.1088479 0.1092355 0.1059856 0.1111578 0.1169976 0.1179350 -0.1227053 -0.1370427 -0.1452466 -0.1552225 -0.1524992 -0.1445951 -0.1462317 -0.1525791 0.0107804 0.0080969 0.0300798 -0.1647722 -0.4202539 -0.4362953 -0.3992954 -0.2636625 -0.4617457 -0.4383495 -0.4579015
0.1147740 0.1412446 0.1831781 0.1102159 0.1060710 0.0891296 0.0668766 0.0732559 0.0728506 0.1154566 0.1143284 0.1329833 0.0904264 0.1071780 0.1058466 0.1247710 0.0732306 0.0737837 0.0882968 0.1301654 0.1200928 0.1330741 0.0952611 0.0859210 0.0711562 0.1060349 0.7817109 0.1779920 0.1184466 0.1369488 0.1153987 0.0745138 0.1096424 0.1108754 -0.1354430 -0.1482622 -0.1571831 -0.1608697 -0.1576784 -0.1495228 -0.1530395 -0.1656731 0.0012832 0.0076641 0.0266844 -0.1783968 -0.4642956 -0.4823413 -0.4320168 -0.3029477 -0.4733743 -0.4549254 -0.4699325
0.1131359 0.1353829 0.1340994 0.1147528 0.1054801 0.1052687 0.0993225 0.0549708 0.0547309 0.1241842 0.1276478 0.1346485 0.1182678 0.1124856 0.1273956 0.1133733 0.1080406 0.1060957 0.1044428 0.1238658 0.1208839 0.1319503 0.1195220 0.1137049 0.1088118 0.1094875 0.1779920 0.7878599 0.1168625 0.1262911 0.1160687 0.0567417 0.1175665 0.1244872 -0.1345495 -0.1479724 -0.1587864 -0.1665032 -0.1651280 -0.1554012 -0.1600795 -0.1662534 0.0204421 0.0200970 0.0439086 -0.1699505 -0.4447859 -0.4623569 -0.4167151 -0.2789291 -0.4699048 -0.4490400 -0.4656649
0.1170666 0.1447093 0.1151061 0.1143800 0.0994807 0.1118748 0.1043135 0.0681042 0.0676443 0.1199853 0.1263208 0.1282840 0.1154116 0.1092829 0.1202945 0.1031948 0.1176729 0.1066628 0.1116139 0.1168962 0.1133111 0.1261756 0.1181719 0.1132373 0.1082310 0.1088479 0.1184466 0.1168625 0.7986353 0.1142523 0.1108860 0.0686940 0.1191951 0.1154342 -0.1273841 -0.1416703 -0.1513928 -0.1598627 -0.1579194 -0.1505218 -0.1532099 -0.1585851 0.0188512 0.0174864 0.0396373 -0.1650693 -0.4405611 -0.4564157 -0.4063624 -0.2787338 -0.4463449 -0.4281543 -0.4419805
0.0900885 0.1301378 0.1616465 0.2552622 0.0857150 0.0813752 0.0896350 0.0886380 0.0872640 0.1177034 0.1081264 0.1242052 0.1010993 0.0999726 0.1075261 0.0879807 0.0732870 0.0964420 0.0802097 0.1145613 0.2238797 0.1106627 0.0809504 0.0999679 0.0928525 0.1092355 0.1369488 0.1262911 0.1142523 0.7893859 0.1156534 0.0889168 0.0934896 0.0979275 -0.1482772 -0.1558755 -0.1664280 -0.1762240 -0.1722526 -0.1633005 -0.1667891 -0.1720131 0.0101084 0.0138450 0.0276115 -0.1779336 -0.4608312 -0.4807271 -0.4319052 -0.2953725 -0.4815795 -0.4602683 -0.4775932
0.1067925 0.1421551 0.1162124 0.1129396 0.1116576 0.1121530 0.1031022 0.0715583 0.0714138 0.1206819 0.1195055 0.1258096 0.1121162 0.1092266 0.1248570 0.1169108 0.1129715 0.1037057 0.1116868 0.1162215 0.1125189 0.1220649 0.1148259 0.1122235 0.1063355 0.1059856 0.1153987 0.1160687 0.1108860 0.1156534 0.7990327 0.0720585 0.1160400 0.1179746 -0.1288018 -0.1409692 -0.1550804 -0.1646076 -0.1617437 -0.1539689 -0.1578304 -0.1627891 0.0210443 0.0220425 0.0438220 -0.1635251 -0.4061504 -0.4232202 -0.3892120 -0.2505534 -0.4561185 -0.4322404 -0.4519775
0.0830345 0.0386530 0.0625040 0.0893901 0.2208764 0.0989229 0.0066654 0.8080608 0.8044746 0.0067517 0.0184098 0.0254898 0.0358005 0.0426698 0.0698376 0.2374964 -0.0266489 -0.0000286 0.0985220 0.1058332 0.0807855 0.0379809 0.0009900 -0.0192195 -0.0227270 0.1111578 0.0745138 0.0567417 0.0686940 0.0889168 0.0720585 1.1088086 0.0791818 0.0352386 -0.1742683 -0.1558483 -0.1684200 -0.1875249 -0.1880854 -0.1825470 -0.1647299 -0.1748296 -0.0846665 -0.0843027 -0.0886772 -0.2168462 -0.4611393 -0.4718056 -0.4235969 -0.3381401 -0.4386302 -0.4260722 -0.4346062
0.1274042 0.1301341 0.1090536 0.0997350 0.1092710 0.1344222 0.0850180 0.0785151 0.0786245 0.0969089 0.1137186 0.1036780 0.0952011 0.1661590 0.1628439 0.1088770 0.0868223 0.0942919 0.1347494 0.1876131 0.1104962 0.1077666 0.0907353 0.0997041 0.0970202 0.1169976 0.1096424 0.1175665 0.1191951 0.0934896 0.1160400 0.0791818 0.8202121 0.1333652 -0.1345392 -0.1552365 -0.1656091 -0.1758249 -0.1699218 -0.1640911 -0.1694890 -0.1742573 0.0079088 0.0028855 0.0365742 -0.1838559 -0.4448747 -0.4641820 -0.4261517 -0.2855668 -0.4898364 -0.4647521 -0.4867900
0.1246808 0.1339277 0.1100848 0.1075894 0.1061362 0.1417813 0.1153034 0.0344423 0.0343042 0.0880856 0.0863842 0.0903624 0.0798055 0.1782132 0.1406652 0.1099351 0.0929370 0.0973882 0.1418968 0.1379686 0.1088099 0.0808907 0.0807650 0.1006407 0.1091083 0.1179350 0.1108754 0.1244872 0.1154342 0.0979275 0.1179746 0.0352386 0.1333652 0.8248265 -0.1242364 -0.1454436 -0.1609653 -0.1688447 -0.1666766 -0.1547026 -0.1624244 -0.1657079 0.0145801 0.0054161 0.0471093 -0.1754856 -0.4214121 -0.4386068 -0.4082631 -0.2647047 -0.4883539 -0.4592314 -0.4849809
-0.1264749 -0.1429439 -0.1465375 -0.1351167 -0.1483938 -0.1326620 -0.1149661 -0.1782487 -0.1774640 -0.1515793 -0.1590536 -0.1719870 -0.1517751 -0.1154505 -0.1383564 -0.1665480 -0.1240707 -0.1144897 -0.1326170 -0.1411712 -0.1374418 -0.1603591 -0.1346350 -0.1056329 -0.1096142 -0.1227053 -0.1354430 -0.1345495 -0.1273841 -0.1482772 -0.1288018 -0.1742683 -0.1345392 -0.1242364 1.3598015 0.5222377 0.3871710 0.3879657 0.3670736 0.3553621 0.3673438 0.3838110 0.0148300 -0.0082691 -0.0425231 0.2607874 -0.0131276 -0.0070445 0.0238581 0.0492180 -0.0346293 -0.0098595 -0.0335132
-0.1396403 -0.1574837 -0.1615095 -0.1483807 -0.1614345 -0.1485939 -0.1442394 -0.1593224 -0.1592270 -0.1698554 -0.1716593 -0.1876923 -0.1616639 -0.1366359 -0.1609561 -0.1657495 -0.1426614 -0.1248105 -0.1481822 -0.1534187 -0.1494530 -0.1707078 -0.1471912 -0.1288204 -0.1362388 -0.1370427 -0.1482622 -0.1479724 -0.1416703 -0.1558755 -0.1409692 -0.1558483 -0.1552365 -0.1454436 0.5222377 1.5756314 0.3584232 0.3031347 0.2749727 0.3171722 0.2860069 0.3250061 0.0110803 -0.0058140 -0.0526268 0.3219937 0.0710369 0.1254945 0.1220786 0.0932915 0.0479304 0.0696693 0.0474577
-0.1409435 -0.1680377 -0.1630804 -0.1585356 -0.1751559 -0.1630027 -0.1475571 -0.1709540 -0.1709703 -0.1751008 -0.1824111 -0.1924539 -0.1666902 -0.1508785 -0.1744714 -0.1783439 -0.1449629 -0.1343197 -0.1620170 -0.1613623 -0.1606109 -0.1822219 -0.1561313 -0.1352330 -0.1449268 -0.1452466 -0.1571831 -0.1587864 -0.1513928 -0.1664280 -0.1550804 -0.1684200 -0.1656091 -0.1609653 0.3871710 0.3584232 1.4053018 0.6208535 0.6167345 0.6013640 0.6205913 0.6248103 0.0418569 0.0174887 -0.0489861 0.2508955 -0.2088824 -0.2024405 -0.1548251 -0.0859160 -0.1951538 -0.1682332 -0.1940818
-0.1538462 -0.1788593 -0.1722561 -0.1705062 -0.1843575 -0.1741498 -0.1553540 -0.1942272 -0.1928578 -0.1829937 -0.1920145 -0.2044226 -0.1785652 -0.1517352 -0.1823698 -0.1886422 -0.1558604 -0.1387052 -0.1728108 -0.1690199 -0.1701006 -0.1932190 -0.1663678 -0.1466264 -0.1542886 -0.1552225 -0.1608697 -0.1665032 -0.1598627 -0.1762240 -0.1646076 -0.1875249 -0.1758249 -0.1688447 0.3879657 0.3031347 0.6208535 1.4536154 0.7102428 0.6667451 0.7086932 0.7258441 0.0447023 0.0151874 -0.0522841 0.2933318 -0.2366272 -0.2241435 -0.1704206 -0.1100935 -0.1912792 -0.1674396 -0.1888544
-0.1535228 -0.1763092 -0.1639289 -0.1662558 -0.1823912 -0.1686427 -0.1490987 -0.1940341 -0.1927089 -0.1779398 -0.1831250 -0.1947940 -0.1766322 -0.1497006 -0.1783303 -0.1893810 -0.1555520 -0.1338338 -0.1678882 -0.1648685 -0.1673440 -0.1837973 -0.1621001 -0.1459540 -0.1543040 -0.1524992 -0.1576784 -0.1651280 -0.1579194 -0.1722526 -0.1617437 -0.1880854 -0.1699218 -0.1666766 0.3670736 0.2749727 0.6167345 0.7102428 1.4407296 0.6762230 0.7315142 0.7219322 0.0405398 0.0180118 -0.0544102 0.2704487 -0.2546439 -0.2471450 -0.1891778 -0.1254832 -0.2036566 -0.1810034 -0.2006133
-0.1452927 -0.1686510 -0.1567674 -0.1589666 -0.1789952 -0.1644711 -0.1469833 -0.1908980 -0.1899867 -0.1703113 -0.1795466 -0.1913048 -0.1723908 -0.1440309 -0.1697135 -0.1845478 -0.1516781 -0.1282963 -0.1641782 -0.1576246 -0.1593272 -0.1781668 -0.1540494 -0.1417830 -0.1512077 -0.1445951 -0.1495228 -0.1554012 -0.1505218 -0.1633005 -0.1539689 -0.1825470 -0.1640911 -0.1547026 0.3553621 0.3171722 0.6013640 0.6667451 0.6762230 1.3193172 0.6705693 0.6957403 0.0443536 0.0186329 -0.0489427 0.2738806 -0.2439914 -0.2180887 -0.1766915 -0.1141217 -0.2011196 -0.1772708 -0.1984729
-0.1487138 -0.1731114 -0.1639696 -0.1604350 -0.1805390 -0.1635087 -0.1515101 -0.1720145 -0.1708913 -0.1788020 -0.1807253 -0.1938150 -0.1695099 -0.1459806 -0.1742317 -0.1858366 -0.1599200 -0.1334857 -0.1628426 -0.1610008 -0.1624503 -0.1816737 -0.1594468 -0.1450521 -0.1546059 -0.1462317 -0.1530395 -0.1600795 -0.1532099 -0.1667891 -0.1578304 -0.1647299 -0.1694890 -0.1624244 0.3673438 0.2860069 0.6205913 0.7086932 0.7315142 0.6705693 1.3536943 0.7273138 0.0416061 0.0189594 -0.0559406 0.2580770 -0.2675709 -0.2585444 -0.1998332 -0.1296498 -0.2158607 -0.1923750 -0.2120251
-0.1557436 -0.1811337 -0.1664286 -0.1643737 -0.1783152 -0.1709626 -0.1468451 -0.1799306 -0.1783073 -0.1759559 -0.1858723 -0.2000875 -0.1680467 -0.1535714 -0.1785925 -0.1833877 -0.1456968 -0.1392537 -0.1701100 -0.1695476 -0.1670973 -0.1884789 -0.1649721 -0.1540868 -0.1549298 -0.1525791 -0.1656731 -0.1662534 -0.1585851 -0.1720131 -0.1627891 -0.1748296 -0.1742573 -0.1657079 0.3838110 0.3250061 0.6248103 0.7258441 0.7219322 0.6957403 0.7273138 1.3694592 0.0344279 0.0118449 -0.0575493 0.2849776 -0.2559372 -0.2267461 -0.1792742 -0.1232707 -0.1922532 -0.1695544 -0.1903607
0.0052149 0.0145920 0.0124577 -0.0006192 -0.0190432 -0.0079495 0.0212800 -0.0836603 -0.0838883 -0.0010227 -0.0086622 -0.0127264 -0.0073389 0.0147924 0.0053493 -0.0302224 0.0187745 0.0327701 -0.0082790 0.0002841 0.0165758 -0.0164830 0.0014613 0.0342048 0.0303752 0.0107804 0.0012832 0.0204421 0.0188512 0.0101084 0.0210443 -0.0846665 0.0079088 0.0145801 0.0148300 0.0110803 0.0418569 0.0447023 0.0405398 0.0443536 0.0416061 0.0344279 0.9590639 0.2322144 0.1400869 0.0204470 -0.1924481 -0.2069958 -0.2032665 -0.0320457 -0.3634051 -0.3252554 -0.3648033
0.0008352 0.0135953 0.0134063 0.0017597 -0.0234062 -0.0170265 0.0110522 -0.0829986 -0.0840223 -0.0078105 -0.0227152 -0.0296051 -0.0211524 0.0128625 0.0000856 -0.0294991 0.0146578 0.0325041 -0.0170665 -0.0007505 0.0165500 -0.0292426 -0.0068900 0.0326522 0.0280449 0.0080969 0.0076641 0.0200970 0.0174864 0.0138450 0.0220425 -0.0843027 0.0028855 0.0054161 -0.0082691 -0.0058140 0.0174887 0.0151874 0.0180118 0.0186329 0.0189594 0.0118449 0.2322144 1.0049218 0.1740482 0.0210801 -0.1497612 -0.1650968 -0.1702554 0.0078448 -0.3490655 -0.3142665 -0.3522967
0.0285076 0.0335223 0.0307773 0.0283693 0.0100225 0.0224934 0.0476724 -0.0856450 -0.0861799 0.0246206 0.0074021 0.0061666 0.0101417 0.0480380 0.0366297 -0.0111438 0.0424861 0.0535514 0.0230019 0.0197570 0.0385092 0.0003002 0.0160368 0.0540125 0.0678822 0.0300798 0.0266844 0.0439086 0.0396373 0.0276115 0.0438220 -0.0886772 0.0365742 0.0471093 -0.0425231 -0.0526268 -0.0489861 -0.0522841 -0.0544102 -0.0489427 -0.0559406 -0.0575493 0.1400869 0.1740482 1.0199180 -0.0353666 -0.0993489 -0.1221514 -0.1578094 0.0114895 -0.3616249 -0.3117568 -0.3622425
-0.1706587 -0.1861121 -0.1770211 -0.1771759 -0.1922355 -0.1863899 -0.1562589 -0.2198831 -0.2199561 -0.1827722 -0.1940954 -0.2031933 -0.1803087 -0.1653780 -0.1871431 -0.1968351 -0.1602760 -0.1525876 -0.1864748 -0.1844670 -0.1715955 -0.1990540 -0.1773570 -0.1572023 -0.1502642 -0.1647722 -0.1783968 -0.1699505 -0.1650693 -0.1779336 -0.1635251 -0.2168462 -0.1838559 -0.1754856 0.2607874 0.3219937 0.2508955 0.2933318 0.2704487 0.2738806 0.2580770 0.2849776 0.0204470 0.0210801 -0.0353666 1.5588059 0.4283589 0.4667434 0.4494099 0.2874357 0.4285004 0.4293716 0.4301006
-0.4610787 -0.4631799 -0.4605283 -0.4492925 -0.4218931 -0.4259052 -0.4292313 -0.4611563 -0.4614210 -0.4992210 -0.5205652 -0.5214456 -0.5021443 -0.4225584 -0.4468582 -0.4587691 -0.4603767 -0.4456044 -0.4253205 -0.4731618 -0.4451049 -0.5221334 -0.4960915 -0.4460422 -0.4050659 -0.4202539 -0.4642956 -0.4447859 -0.4405611 -0.4608312 -0.4061504 -0.4611393 -0.4448747 -0.4214121 -0.0131276 0.0710369 -0.2088824 -0.2366272 -0.2546439 -0.2439914 -0.2675709 -0.2559372 -0.1924481 -0.1497612 -0.0993489 0.4283589 4.9494581 4.2124200 3.1986225 2.6038933 2.3924751 2.4570334 2.3699045
-0.4741358 -0.4834624 -0.4799133 -0.4647733 -0.4434622 -0.4460026 -0.4439499 -0.4715953 -0.4720767 -0.5141926 -0.5299531 -0.5348577 -0.5125909 -0.4402619 -0.4672851 -0.4750469 -0.4779227 -0.4614742 -0.4453305 -0.4877709 -0.4628856 -0.5324982 -0.5100929 -0.4670721 -0.4266941 -0.4362953 -0.4823413 -0.4623569 -0.4564157 -0.4807271 -0.4232202 -0.4718056 -0.4641820 -0.4386068 -0.0070445 0.1254945 -0.2024405 -0.2241435 -0.2471450 -0.2180887 -0.2585444 -0.2267461 -0.2069958 -0.1650968 -0.1221514 0.4667434 4.2124200 4.9868498 3.2674074 2.6242869 2.5043738 2.5588889 2.4812336
-0.4239492 -0.4377293 -0.4315401 -0.4215021 -0.4142360 -0.4165663 -0.4016959 -0.4243944 -0.4243110 -0.4414905 -0.4396329 -0.4489885 -0.4364276 -0.4067411 -0.4287889 -0.4355029 -0.4205179 -0.4115164 -0.4160419 -0.4378011 -0.4146295 -0.4537134 -0.4380813 -0.4158030 -0.3923257 -0.3992954 -0.4320168 -0.4167151 -0.4063624 -0.4319052 -0.3892120 -0.4235969 -0.4261517 -0.4082631 0.0238581 0.1220786 -0.1548251 -0.1704206 -0.1891778 -0.1766915 -0.1998332 -0.1792742 -0.2032665 -0.1702554 -0.1578094 0.4494099 3.1986225 3.2674074 4.0647612 1.9594661 2.8220570 2.7403975 2.8004723
-0.2967539 -0.2925917 -0.2933509 -0.2907397 -0.2804137 -0.2747078 -0.2752236 -0.3393745 -0.3392948 -0.3373834 -0.3583706 -0.3658922 -0.3437803 -0.2643256 -0.2864144 -0.2991238 -0.2970743 -0.2740312 -0.2745534 -0.3025829 -0.2823967 -0.3627315 -0.3322663 -0.2739919 -0.2552504 -0.2636625 -0.3029477 -0.2789291 -0.2787338 -0.2953725 -0.2505534 -0.3381401 -0.2855668 -0.2647047 0.0492180 0.0932915 -0.0859160 -0.1100935 -0.1254832 -0.1141217 -0.1296498 -0.1232707 -0.0320457 0.0078448 0.0114895 0.2874357 2.6038933 2.6242869 1.9594661 3.1837070 1.0968432 1.2029996 1.0761346
-0.4620873 -0.4968846 -0.4820154 -0.4706998 -0.4917903 -0.4963324 -0.4433531 -0.4391381 -0.4387508 -0.4166477 -0.3666393 -0.3840517 -0.3945068 -0.4814740 -0.4936961 -0.5045835 -0.4399200 -0.4586367 -0.4959079 -0.4849362 -0.4603025 -0.4009987 -0.4170332 -0.4698163 -0.4585419 -0.4617457 -0.4733743 -0.4699048 -0.4463449 -0.4815795 -0.4561185 -0.4386302 -0.4898364 -0.4883539 -0.0346293 0.0479304 -0.1951538 -0.1912792 -0.2036566 -0.2011196 -0.2158607 -0.1922532 -0.3634051 -0.3490655 -0.3616249 0.4285004 2.3924751 2.5043738 2.8220570 1.0968432 5.2617812 4.0377493 4.6725616
-0.4432997 -0.4736680 -0.4611425 -0.4482343 -0.4630111 -0.4678493 -0.4215625 -0.4263185 -0.4262535 -0.4086533 -0.3686657 -0.3848454 -0.3902918 -0.4545889 -0.4688531 -0.4797589 -0.4230739 -0.4383321 -0.4677515 -0.4651764 -0.4405653 -0.3982636 -0.4092739 -0.4486817 -0.4329320 -0.4383495 -0.4549254 -0.4490400 -0.4281543 -0.4602683 -0.4322404 -0.4260722 -0.4647521 -0.4592314 -0.0098595 0.0696693 -0.1682332 -0.1674396 -0.1810034 -0.1772708 -0.1923750 -0.1695544 -0.3252554 -0.3142665 -0.3117568 0.4293716 2.4570334 2.5588889 2.7403975 1.2029996 4.0377493 4.6472225 4.0371652
-0.4579504 -0.4932525 -0.4785358 -0.4678546 -0.4894064 -0.4945077 -0.4393874 -0.4362220 -0.4360858 -0.4098518 -0.3587648 -0.3758079 -0.3880996 -0.4793124 -0.4901345 -0.5032842 -0.4350348 -0.4541502 -0.4945888 -0.4815173 -0.4564116 -0.3925757 -0.4091375 -0.4661971 -0.4556096 -0.4579015 -0.4699325 -0.4656649 -0.4419805 -0.4775932 -0.4519775 -0.4346062 -0.4867900 -0.4849809 -0.0335132 0.0474577 -0.1940818 -0.1888544 -0.2006133 -0.1984729 -0.2120251 -0.1903607 -0.3648033 -0.3522967 -0.3622425 0.4301006 2.3699045 2.4812336 2.8004723 1.0761346 4.6725616 4.0371652 5.2317157
