0.8296393 0.1050765 0.1103138 0.1037355 0.0927086 0.1108373 0.0971121 0.1144489 0.1144590 0.0910169 0.1179917 0.0973471 0.0934321 0.1129965 0.1192200 0.0863615 0.1065445 0.1063157 0.1114753 0.1344691 0.1066969 0.1054241 0.1163812 0.1044913 0.0998832 0.1162364 0.1176342 0.1154263 0.1198032 0.0934400 0.1104813 0.1307830 0.1264315 -0.1266261 -0.1389251 -0.1400332 -0.1530564 -0.1526554 -0.1446111 -0.1474170 -0.1546309 0.0037341 -0.0005227 0.0260675 -0.1716052 -0.4666460 -0.4795902 -0.4279782 -0.3021177 -0.4685738 -0.4490549 -0.4645749
0.1050765 0.8238984 0.1296581 0.1384737 0.1343793 0.1056657 0.0788857 0.0877178 0.0890533 0.1168965 0.1066700 0.1250226 0.1004407 0.1163388 0.1989363 0.1446544 0.0953301 0.0926904 0.1052451 0.1269882 0.1254244 0.1060293 0.0897600 0.1108587 0.0836341 0.1274596 0.1421216 0.1340006 0.1442981 0.1316373 0.1428182 0.1318027 0.1321270 -0.1443948 -0.1568674 -0.1665563 -0.1780050 -0.1754391 -0.1680445 -0.1711756 -0.1796062 0.0077874 0.0077328 0.0248132 -0.1890116 -0.4687934 -0.4884700 -0.4416992 -0.3004999 -0.5036100 -0.4795016 -0.5000550
0.1103138 0.1296581 0.7895619 0.1375003 0.1140056 0.1107433 0.0943292 0.1045094 0.1049428 0.1101872 0.1099941 0.1178597 0.1054704 0.0938789 0.1199648 0.1201763 0.0950119 0.0882941 0.1109018 0.1259319 0.1323096 0.1074488 0.1114783 0.1129905 0.0837312 0.1142581 0.1846811 0.1346155 0.1165463 0.1633959 0.1186077 0.1116735 0.1102205 -0.1471569 -0.1607165 -0.1618441 -0.1714375 -0.1631006 -0.1560967 -0.1623833 -0.1651165 0.0083287 0.0097539 0.0252095 -0.1788035 -0.4659295 -0.4849186 -0.4352545 -0.2998849 -0.4880011 -0.4664937 -0.4846914
0.1037355 0.1384737 0.1375003 0.7227004 0.1241755 0.0994579 0.0918161 0.1141335 0.1135045 0.1064172 0.1098290 0.1116811 0.1153677 0.1058198 0.1154444 0.1311484 0.0854091 0.0851143 0.0994121 0.1105717 0.1595544 0.1051078 0.0913815 0.0950860 0.1014861 0.1158287 0.1136269 0.1182033 0.1181619 0.2575612 0.1174114 0.1035305 0.1098021 -0.1352789 -0.1480625 -0.1577386 -0.1698227 -0.1653844 -0.1581547 -0.1593789 -0.1634313 -0.0012777 0.0011400 0.0270577 -0.1777773 -0.4564634 -0.4717397 -0.4262843 -0.2973146 -0.4761004 -0.4533509 -0.4733047
0.0927086 0.1343793 0.1140056 0.1241755 0.8076610 0.1309324 0.0871915 0.1712726 0.1688302 0.0776925 0.0802409 0.0824462 0.0754594 0.0961186 0.1267333 0.4463005 0.0738734 0.0710014 0.1305671 0.1156131 0.1141804 0.0707999 0.0872404 0.0958526 0.1010381 0.1153410 0.1157328 0.1251579 0.1176382 0.0952878 0.1285960 0.1192899 0.1197143 -0.1461250 -0.1640294 -0.1770035 -0.1844935 -0.1820948 -0.1780434 -0.1822632 -0.1793228 -0.0044739 -0.0118243 0.0277002 -0.1880872 -0.4499091 -0.4708804 -0.4285372 -0.2998921 -0.4805728 -0.4556628 -0.4765138
0.1108373 0.1056657 0.1107433 0.0994579 0.1309324 0.8197095 0.0835851 0.1040628 0.1053882 0.0811045 0.0966007 0.0927344 0.0611380 0.1328843 0.1308647 0.1372278 0.0804630 0.0837561 0.4230966 0.1245741 0.1094372 0.0916929 0.0782096 0.0873328 0.0898729 0.1316920 0.0937119 0.1118633 0.1186003 0.0861921 0.1188834 0.1387595 0.1456108 -0.1329155 -0.1495466 -0.1629735 -0.1736415 -0.1678728 -0.1637026 -0.1630268 -0.1703833 -0.0065549 -0.0160607 0.0237102 -0.1866158 -0.4440879 -0.4634621 -0.4263295 -0.2909845 -0.4936714 -0.4671066 -0.4911560
0.0971121 0.0788857 0.0943292 0.0918161 0.0871915 0.0835851 0.8742303 0.0817799 0.0824688 0.1259128 0.0817976 0.0859643 0.1179697 0.0949925 0.1033559 0.0856504 0.1794627 0.1224336 0.0826643 0.0781141 0.1014824 0.0795885 0.1518436 0.1298649 0.1837989 0.0958036 0.0667153 0.0932834 0.0996622 0.0902000 0.1001380 0.0849443 0.1105660 -0.1168725 -0.1420269 -0.1449570 -0.1541530 -0.1481276 -0.1463015 -0.1484497 -0.1445456 0.0112266 0.0031994 0.0346067 -0.1604419 -0.4249380 -0.4396204 -0.4026100 -0.2744539 -0.4631448 -0.4379686 -0.4601036
0.1144489 0.0877178 0.1045094 0.1141335 0.1712726 0.1040628 0.0817799 0.9342661 0.6100678 0.0987542 0.1164587 0.1226610 0.1182516 0.0894504 0.1073883 0.1825321 0.0575636 0.0671440 0.1043775 0.1221739 0.1226670 0.1126649 0.0796415 0.0553700 0.0537326 0.1171476 0.1035191 0.1135705 0.1192964 0.1173239 0.1185409 0.1087647 0.0800379 -0.1620142 -0.1605359 -0.1739922 -0.1907012 -0.1891759 -0.1840790 -0.1754996 -0.1801982 -0.0247061 -0.0355492 -0.0150467 -0.1971657 -0.5051652 -0.5167801 -0.4449795 -0.3524102 -0.4138332 -0.4077554 -0.4071892
0.1144590 0.0890533 0.1049428 0.1135045 0.1688302 0.1053882 0.0824688 0.6100678 0.9231208 0.0997165 0.1173033 0.1238365 0.1179180 0.0904814 0.1086120 0.1784107 0.0588886 0.0684050 0.1050094 0.1225548 0.1226522 0.1132428 0.0803442 0.0577891 0.0552584 0.1173692 0.1039135 0.1137614 0.1190192 0.1163351 0.1184746 0.1093277 0.0811685 -0.1612675 -0.1613443 -0.1742377 -0.1894933 -0.1879745 -0.1832561 -0.1748521 -0.1787829 -0.0232323 -0.0348686 -0.0136693 -0.1968311 -0.5059872 -0.5179637 -0.4449599 -0.3519918 -0.4137121 -0.4080306 -0.4074689
0.0910169 0.1168965 0.1101872 0.1064172 0.0776925 0.0811045 0.1259128 0.0987542 0.0997165 0.7872328 0.1754865 0.2472242 0.1908676 0.0894247 0.1020908 0.0906524 0.2160124 0.1162775 0.0799276 0.0987165 0.1228880 0.2222276 0.1815062 0.1135885 0.0998962 0.1061348 0.1158482 0.1171762 0.1146739 0.1190206 0.1180482 0.0983754 0.0844223 -0.1528587 -0.1664062 -0.1712805 -0.1810503 -0.1762346 -0.1691513 -0.1747696 -0.1728351 -0.0120647 -0.0166279 0.0102138 -0.1881365 -0.4933395 -0.5088776 -0.4464751 -0.3331198 -0.4549078 -0.4409074 -0.4503832
0.1179917 0.1066700 0.1099941 0.1098290 0.0802409 0.0966007 0.0817976 0.1164587 0.1173033 0.1754865 0.8767448 0.2907900 0.2194078 0.0906657 0.0994405 0.0815477 0.0894703 0.0841229 0.0954161 0.1194399 0.1233565 0.3376578 0.2107151 0.0766203 0.0649540 0.1164661 0.1158500 0.1227011 0.1229490 0.1107026 0.1191486 0.1167850 0.0845695 -0.1599409 -0.1678749 -0.1780565 -0.1896139 -0.1810432 -0.1778901 -0.1762086 -0.1824278 -0.0188195 -0.0311072 -0.0054969 -0.1998507 -0.5173848 -0.5276965 -0.4493016 -0.3548098 -0.4128695 -0.4080890 -0.4073123
0.0973471 0.1250226 0.1178597 0.1116811 0.0824462 0.0927344 0.0859643 0.1226610 0.1238365 0.2472242 0.2907900 0.8416167 0.2438551 0.0916736 0.1070203 0.0851846 0.1181947 0.0886205 0.0911941 0.1091337 0.1317838 0.3419161 0.1958221 0.0904593 0.0758478 0.1160901 0.1343524 0.1293323 0.1246330 0.1266989 0.1252715 0.1070383 0.0885140 -0.1725264 -0.1835293 -0.1880239 -0.2020014 -0.1927751 -0.1895977 -0.1893075 -0.1966136 -0.0225618 -0.0374010 -0.0065613 -0.2086127 -0.5170752 -0.5314182 -0.4578658 -0.3611736 -0.4313286 -0.4248822 -0.4256453
0.0934321 0.1004407 0.1054704 0.1153677 0.0754594 0.0611380 0.1179697 0.1182516 0.1179180 0.1908676 0.2194078 0.2438551 0.7912810 0.0784138 0.0990790 0.0897533 0.1495602 0.1345585 0.0597707 0.0903426 0.1149559 0.2401326 0.1910987 0.1070237 0.1139073 0.1003107 0.0915883 0.1134380 0.1119104 0.1030465 0.1112035 0.0971391 0.0776039 -0.1516601 -0.1578916 -0.1629771 -0.1760062 -0.1748025 -0.1709554 -0.1651802 -0.1645448 -0.0151819 -0.0269300 -0.0000036 -0.1836516 -0.4969282 -0.5080176 -0.4405023 -0.3391987 -0.4275479 -0.4182771 -0.4234256
0.1129965 0.1163388 0.0938789 0.1058198 0.0961186 0.1328843 0.0949925 0.0894504 0.0904814 0.0894247 0.0906657 0.0916736 0.0784138 0.8043024 0.1439608 0.1004136 0.0828746 0.0927282 0.1337656 0.1443395 0.1093846 0.0909660 0.0776121 0.0926749 0.1000087 0.1159736 0.1088774 0.1120433 0.1098806 0.1022108 0.1105754 0.1673866 0.1763785 -0.1172717 -0.1363871 -0.1496964 -0.1511734 -0.1490749 -0.1437121 -0.1443381 -0.1522249 0.0081725 0.0066294 0.0394006 -0.1683716 -0.4312651 -0.4483997 -0.4122271 -0.2750208 -0.4860868 -0.4591671 -0.4839046
0.1192200 0.1989363 0.1199648 0.1154444 0.1267333 0.1308647 0.1033559 0.1073883 0.1086120 0.1020908 0.0994405 0.1070203 0.0990790 0.1439608 0.8068770 0.1157964 0.0928152 0.1065547 0.1307328 0.1442657 0.1199375 0.1042803 0.0976253 0.1172019 0.1022021 0.1278143 0.1085893 0.1286622 0.1223430 0.1104945 0.1275848 0.1652252 0.1407835 -0.1392376 -0.1603873 -0.1731388 -0.1813988 -0.1772652 -0.1688776 -0.1724933 -0.1771105 0.0011039 -0.0037733 0.0309412 -0.1890862 -0.4554012 -0.4752972 -0.4340500 -0.2959957 -0.4981678 -0.4731866 -0.4945729
0.0863615 0.1446544 0.1201763 0.1311484 0.4463005 0.1372278 0.0856504 0.1825321 0.1784107 0.0906524 0.0815477 0.0851846 0.0897533 0.1004136 0.1157964 0.9163553 0.0854139 0.0705539 0.1377794 0.1169847 0.1192459 0.0695466 0.0879645 0.0934675 0.0772461 0.1174265 0.1348946 0.1350453 0.1232464 0.0980451 0.1356485 0.1196049 0.1247706 -0.1641307 -0.1686660 -0.1806769 -0.1888217 -0.1892950 -0.1837696 -0.1878432 -0.1846824 -0.0141754 -0.0168899 0.0086905 -0.1921491 -0.4887248 -0.5042170 -0.4506212 -0.3198837 -0.4910477 -0.4702097 -0.4876903
0.1065445 0.0953301 0.0950119 0.0854091 0.0738734 0.0804630 0.1794627 0.0575636 0.0588886 0.2160124 0.0894703 0.1181947 0.1495602 0.0828746 0.0928152 0.0854139 0.8511429 0.1620683 0.0796531 0.0755600 0.0985584 0.1069766 0.1441023 0.1550076 0.1732352 0.0927608 0.0717497 0.0980646 0.1095647 0.0732825 0.1071916 0.0859255 0.0866348 -0.1262030 -0.1400337 -0.1419683 -0.1544041 -0.1545032 -0.1511280 -0.1565113 -0.1430451 0.0057910 0.0050393 0.0258396 -0.1655348 -0.4524670 -0.4703258 -0.4216679 -0.2927988 -0.4708135 -0.4487702 -0.4677633
0.1063157 0.0926904 0.0882941 0.0851143 0.0710014 0.0837561 0.1224336 0.0671440 0.0684050 0.1162775 0.0841229 0.0886205 0.1345585 0.0927282 0.1065547 0.0705539 0.1620683 0.8218626 0.0829289 0.0950454 0.1018410 0.0891895 0.0908662 0.1575390 0.1364738 0.0977172 0.0734838 0.0996614 0.1017721 0.0968672 0.1003834 0.0940664 0.0929630 -0.1164589 -0.1229849 -0.1319399 -0.1376794 -0.1330605 -0.1279143 -0.1307917 -0.1372142 0.0225097 0.0243956 0.0403736 -0.1569377 -0.4412133 -0.4569813 -0.4124616 -0.2734525 -0.4790494 -0.4549909 -0.4754562
0.1114753 0.1052451 0.1109018 0.0994121 0.1305671 0.4230966 0.0826643 0.1043775 0.1050094 0.0799276 0.0954161 0.0911941 0.0597707 0.1337656 0.1307328 0.1377794 0.0796531 0.0829289 0.8196646 0.1242609 0.1086060 0.0904394 0.0771714 0.0861045 0.0902354 0.1315684 0.0928405 0.1110428 0.1183634 0.0850742 0.1184342 0.1390030 0.1456857 -0.1328920 -0.1490923 -0.1620102 -0.1722965 -0.1671673 -0.1633968 -0.1623610 -0.1695608 -0.0068071 -0.0160917 0.0242228 -0.1867062 -0.4431846 -0.4624905 -0.4256914 -0.2905488 -0.4933925 -0.4671164 -0.4913507
0.1344691 0.1269882 0.1259319 0.1105717 0.1156131 0.1245741 0.0781141 0.1221739 0.1225548 0.0987165 0.1194399 0.1091337 0.0903426 0.1443395 0.1442657 0.1169847 0.0755600 0.0950454 0.1242609 0.7856774 0.1203274 0.1162312 0.0983201 0.1049995 0.0856529 0.1273759 0.1338409 0.1285488 0.1218856 0.1186781 0.1216776 0.1912234 0.1411141 -0.1407666 -0.1530344 -0.1605830 -0.1681651 -0.1638721 -0.1567200 -0.1600318 -0.1684687 0.0005904 -0.0007165 0.0199852 -0.1845378 -0.4836169 -0.4978782 -0.4432476 -0.3120392 -0.4851081 -0.4659723 -0.4814951
0.1066969 0.1254244 0.1323096 0.1595544 0.1141804 0.1094372 0.1014824 0.1226670 0.1226522 0.1228880 0.1233565 0.1317838 0.1149559 0.1093846 0.1199375 0.1192459 0.0985584 0.1018410 0.1086060 0.1203274 0.7931450 0.1241893 0.1074659 0.1050768 0.1014385 0.1134817 0.1231017 0.1225352 0.1155861 0.2261688 0.1157882 0.1140752 0.1099849 -0.1382613 -0.1488053 -0.1595410 -0.1696025 -0.1667551 -0.1589782 -0.1611457 -0.1660158 0.0120894 0.0119469 0.0328846 -0.1737630 -0.4504211 -0.4678883 -0.4185313 -0.2887954 -0.4666313 -0.4463579 -0.4630352
0.1054241 0.1060293 0.1074488 0.1051078 0.0707999 0.0916929 0.0795885 0.1126649 0.1132428 0.2222276 0.3376578 0.3419161 0.2401326 0.0909660 0.1042803 0.0695466 0.1069766 0.0891895 0.0904394 0.1162312 0.1241893 0.7452825 0.2386254 0.0783047 0.0680720 0.1157512 0.1342693 0.1271419 0.1227434 0.1127156 0.1214409 0.1103842 0.0796181 -0.1604223 -0.1669506 -0.1783165 -0.1908908 -0.1817961 -0.1765309 -0.1777578 -0.1854005 -0.0239628 -0.0345572 -0.0094274 -0.2028618 -0.5169885 -0.5281829 -0.4591908 -0.3575207 -0.4398067 -0.4309323 -0.4340174
0.1163812 0.0897600 0.1114783 0.0913815 0.0872404 0.0782096 0.1518436 0.0796415 0.0803442 0.1815062 0.2107151 0.1958221 0.1910987 0.0776121 0.0976253 0.0879645 0.1441023 0.0908662 0.0771714 0.0983201 0.1074659 0.2386254 0.7654493 0.1337968 0.1241269 0.1021610 0.0954904 0.1122254 0.1124796 0.0819298 0.1117226 0.0916176 0.0770207 -0.1358044 -0.1438624 -0.1523592 -0.1642236 -0.1603774 -0.1528078 -0.1554135 -0.1617635 -0.0090615 -0.0149145 0.0024952 -0.1821347 -0.4904334 -0.5049322 -0.4421433 -0.3282453 -0.4522117 -0.4386893 -0.4464704
0.1044913 0.1108587 0.1129905 0.0950860 0.0958526 0.0873328 0.1298649 0.0553700 0.0577891 0.1135885 0.0766203 0.0904593 0.1070237 0.0926749 0.1172019 0.0934675 0.1550076 0.1575390 0.0861045 0.1049995 0.1050768 0.0783047 0.1337968 0.8022924 0.1418389 0.0967111 0.0846127 0.1058272 0.1071289 0.0993567 0.1077482 0.0988035 0.0947546 -0.1083612 -0.1272294 -0.1328687 -0.1454934 -0.1451872 -0.1414325 -0.1420063 -0.1517737 0.0218433 0.0226850 0.0384202 -0.1620705 -0.4417599 -0.4624588 -0.4163111 -0.2744944 -0.4882616 -0.4635788 -0.4854943
0.0998832 0.0836341 0.0837312 0.1014861 0.1010381 0.0898729 0.1837989 0.0537326 0.0552584 0.0998962 0.0649540 0.0758478 0.1139073 0.1000087 0.1022021 0.0772461 0.1732352 0.1364738 0.0902354 0.0856529 0.1014385 0.0680720 0.1241269 0.1418389 0.8730879 0.0947684 0.0700793 0.1004032 0.1015637 0.0924191 0.1013235 0.0956547 0.1027132 -0.1125260 -0.1347016 -0.1425621 -0.1533595 -0.1537608 -0.1510782 -0.1519004 -0.1527790 0.0176823 0.0180874 0.0516770 -0.1554475 -0.4002827 -0.4216191 -0.3924775 -0.2553336 -0.4775050 -0.4486830 -0.4755137
0.1162364 0.1274596 0.1142581 0.1158287 0.1153410 0.1316920 0.0958036 0.1171476 0.1173692 0.1061348 0.1164661 0.1160901 0.1003107 0.1159736 0.1278143 0.1174265 0.0927608 0.0977172 0.1315684 0.1273759 0.1134817 0.1157512 0.1021610 0.0967111 0.0947684 0.7959606 0.1111446 0.1150904 0.1144334 0.1142753 0.1118260 0.1220646 0.1225675 -0.1228901 -0.1377746 -0.1452711 -0.1549817 -0.1520158 -0.1442255 -0.1460067 -0.1523126 0.0118481 0.0088519 0.0310699 -0.1653815 -0.4369185 -0.4527315 -0.4077761 -0.2777593 -0.4607098 -0.4393851 -0.4569828
0.1176342 0.1421216 0.1846811 0.1136269 0.1157328 0.0937119 0.0667153 0.1035191 0.1039135 0.1158482 0.1158500 0.1343524 0.0915883 0.1088774 0.1085893 0.1348946 0.0717497 0.0734838 0.0928405 0.1338409 0.1231017 0.1342693 0.0954904 0.0846127 0.0700793 0.1111446 0.7779202 0.1795446 0.1210792 0.1397660 0.1189928 0.1128573 0.1123646 -0.1357613 -0.1477366 -0.1561932 -0.1602865 -0.1569884 -0.1489291 -0.1518710 -0.1646949 -0.0006006 0.0059466 0.0237939 -0.1795901 -0.4700565 -0.4878589 -0.4363467 -0.3087907 -0.4805818 -0.4610260 -0.4772097
0.1154263 0.1340006 0.1346155 0.1182033 0.1251579 0.1118633 0.0932834 0.1135705 0.1137614 0.1171762 0.1227011 0.1293323 0.1134380 0.1120433 0.1286622 0.1350453 0.0980646 0.0996614 0.1110428 0.1285488 0.1225352 0.1271419 0.1122254 0.1058272 0.1004032 0.1150904 0.1795446 0.7855295 0.1177506 0.1287467 0.1180589 0.1202134 0.1236413 -0.1363349 -0.1474187 -0.1575866 -0.1661193 -0.1646899 -0.1553387 -0.1585066 -0.1650330 0.0126717 0.0121334 0.0342175 -0.1735131 -0.4512192 -0.4683146 -0.4213746 -0.2876447 -0.4763859 -0.4549996 -0.4725018
0.1198032 0.1442981 0.1165463 0.1181619 0.1176382 0.1186003 0.0996622 0.1192964 0.1190192 0.1146739 0.1229490 0.1246330 0.1119104 0.1098806 0.1223430 0.1232464 0.1095647 0.1017721 0.1183634 0.1218856 0.1155861 0.1227434 0.1124796 0.1071289 0.1015637 0.1144334 0.1210792 0.1177506 0.7967058 0.1172528 0.1135937 0.1223904 0.1157696 -0.1287870 -0.1411457 -0.1503863 -0.1595631 -0.1575817 -0.1504840 -0.1519149 -0.1575795 0.0125945 0.0109170 0.0318007 -0.1681346 -0.4469380 -0.4623995 -0.4109651 -0.2866843 -0.4522632 -0.4337639 -0.4482332
0.0934400 0.1316373 0.1633959 0.2575612 0.0952878 0.0861921 0.0902000 0.1173239 0.1163351 0.1190206 0.1107026 0.1266989 0.1030465 0.1022108 0.1104945 0.0980451 0.0732825 0.0968672 0.0850742 0.1186781 0.2261688 0.1127156 0.0819298 0.0993567 0.0924191 0.1142753 0.1397660 0.1287467 0.1172528 0.7860222 0.1194276 0.0971441 0.0998216 -0.1482999 -0.1550579 -0.1651897 -0.1752911 -0.1711171 -0.1623417 -0.1653296 -0.1707357 0.0086837 0.0127173 0.0255617 -0.1786483 -0.4659917 -0.4856858 -0.4355559 -0.3005393 -0.4881127 -0.4660699 -0.4842756
0.1104813 0.1428182 0.1186077 0.1174114 0.1285960 0.1188834 0.1001380 0.1185409 0.1184746 0.1180482 0.1191486 0.1252715 0.1112035 0.1105754 0.1275848 0.1356485 0.1071916 0.1003834 0.1184342 0.1216776 0.1157882 0.1214409 0.1117226 0.1077482 0.1013235 0.1118260 0.1189928 0.1180589 0.1135937 0.1194276 0.7957047 0.1198861 0.1190120 -0.1308955 -0.1415954 -0.1547042 -0.1647427 -0.1617707 -0.1543156 -0.1569977 -0.1622391 0.0147805 0.0152731 0.0360380 -0.1673731 -0.4207121 -0.4372905 -0.3977305 -0.2655836 -0.4588103 -0.4362986 -0.4549953
0.1307830 0.1318027 0.1116735 0.1035305 0.1192899 0.1387595 0.0849443 0.1087647 0.1093277 0.0983754 0.1167850 0.1070383 0.0971391 0.1673866 0.1652252 0.1196049 0.0859255 0.0940664 0.1390030 0.1912234 0.1140752 0.1103842 0.0916176 0.0988035 0.0956547 0.1220646 0.1128573 0.1202134 0.1223904 0.0971441 0.1198861 0.8157928 0.1346452 -0.1352897 -0.1550533 -0.1645595 -0.1749331 -0.1689353 -0.1632869 -0.1680689 -0.1730304 0.0052366 0.0002892 0.0328862 -0.1852310 -0.4554141 -0.4742328 -0.4322320 -0.2962073 -0.4925779 -0.4680255 -0.4894106
0.1264315 0.1321270 0.1102205 0.1098021 0.1197143 0.1456108 0.1105660 0.0800379 0.0811685 0.0844223 0.0845695 0.0885140 0.0776039 0.1763785 0.1407835 0.1247706 0.0866348 0.0929630 0.1456857 0.1411141 0.1099849 0.0796181 0.0770207 0.0947546 0.1027132 0.1225675 0.1123646 0.1236413 0.1157696 0.0998216 0.1190120 0.1346452 0.8204103 -0.1260622 -0.1452515 -0.1596648 -0.1679883 -0.1657467 -0.1541463 -0.1605052 -0.1642657 0.0079479 -0.0005931 0.0382632 -0.1784824 -0.4309726 -0.4474199 -0.4140161 -0.2764667 -0.4919710 -0.4630395 -0.4884475
-0.1266261 -0.1443948 -0.1471569 -0.1352789 -0.1461250 -0.1329155 -0.1168725 -0.1620142 -0.1612675 -0.1528587 -0.1599409 -0.1725264 -0.1516601 -0.1172717 -0.1392376 -0.1641307 -0.1262030 -0.1164589 -0.1328920 -0.1407666 -0.1382613 -0.1604223 -0.1358044 -0.1083612 -0.1125260 -0.1228901 -0.1357613 -0.1363349 -0.1287870 -0.1482999 -0.1308955 -0.1352897 -0.1260622 1.3445197 0.5120654 0.3761727 0.3759614 0.3552198 0.3437616 0.3562541 0.3723261 0.0092651 -0.0136854 -0.0478174 0.2512240 -0.0293883 -0.0233979 0.0106734 0.0353779 -0.0429157 -0.0187789 -0.0411623
-0.1389251 -0.1568674 -0.1607165 -0.1480625 -0.1640294 -0.1495466 -0.1420269 -0.1605359 -0.1613443 -0.1664062 -0.1678749 -0.1835293 -0.1578916 -0.1363871 -0.1603873 -0.1686660 -0.1400337 -0.1229849 -0.1490923 -0.1530344 -0.1488053 -0.1669506 -0.1438624 -0.1272294 -0.1347016 -0.1377746 -0.1477366 -0.1474187 -0.1411457 -0.1550579 -0.1415954 -0.1550533 -0.1452515 0.5120654 1.5569377 0.3472934 0.2921495 0.2643413 0.3056636 0.2753808 0.3139756 0.0084434 -0.0089286 -0.0542470 0.3121814 0.0518831 0.1052948 0.1073764 0.0777369 0.0431237 0.0640015 0.0438797
-0.1400332 -0.1665563 -0.1618441 -0.1577386 -0.1770035 -0.1629735 -0.1449570 -0.1739922 -0.1742377 -0.1712805 -0.1780565 -0.1880239 -0.1629771 -0.1496964 -0.1731388 -0.1806769 -0.1419683 -0.1319399 -0.1620102 -0.1605830 -0.1595410 -0.1783165 -0.1523592 -0.1328687 -0.1425621 -0.1452711 -0.1561932 -0.1575866 -0.1503863 -0.1651897 -0.1547042 -0.1645595 -0.1596648 0.3761727 0.3472934 1.3828958 0.6038903 0.5998957 0.5853713 0.6038494 0.6079806 0.0407512 0.0155359 -0.0480745 0.2425615 -0.2195387 -0.2137448 -0.1647414 -0.0932135 -0.2061543 -0.1789760 -0.2046293
-0.1530564 -0.1780050 -0.1714375 -0.1698227 -0.1844935 -0.1736415 -0.1541530 -0.1907012 -0.1894933 -0.1810503 -0.1896139 -0.2020014 -0.1760062 -0.1511734 -0.1813988 -0.1888217 -0.1544041 -0.1376794 -0.1722965 -0.1681651 -0.1696025 -0.1908908 -0.1642236 -0.1454934 -0.1533595 -0.1549817 -0.1602865 -0.1661193 -0.1595631 -0.1752911 -0.1647427 -0.1749331 -0.1679883 0.3759614 0.2921495 0.6038903 1.4300153 0.6915515 0.6494234 0.6903185 0.7073509 0.0424121 0.0123858 -0.0526342 0.2841348 -0.2469070 -0.2350753 -0.1804398 -0.1173617 -0.2028706 -0.1787949 -0.2002170
-0.1526554 -0.1754391 -0.1631006 -0.1653844 -0.1820948 -0.1678728 -0.1481276 -0.1891759 -0.1879745 -0.1762346 -0.1810432 -0.1927751 -0.1748025 -0.1490749 -0.1772652 -0.1892950 -0.1545032 -0.1330605 -0.1671673 -0.1638721 -0.1667551 -0.1817961 -0.1603774 -0.1451872 -0.1537608 -0.1520158 -0.1569884 -0.1646899 -0.1575817 -0.1711171 -0.1617707 -0.1689353 -0.1657467 0.3552198 0.2643413 0.5998957 0.6915515 1.4162290 0.6585982 0.7128454 0.7033638 0.0383737 0.0152152 -0.0545740 0.2610161 -0.2645341 -0.2576353 -0.1993773 -0.1320993 -0.2176765 -0.1939713 -0.2144166
-0.1446111 -0.1680445 -0.1560967 -0.1581547 -0.1780434 -0.1637026 -0.1463015 -0.1840790 -0.1832561 -0.1691513 -0.1778901 -0.1895977 -0.1709554 -0.1437121 -0.1688776 -0.1837696 -0.1511280 -0.1279143 -0.1633968 -0.1567200 -0.1589782 -0.1765309 -0.1528078 -0.1414325 -0.1510782 -0.1442255 -0.1489291 -0.1553387 -0.1504840 -0.1623417 -0.1543156 -0.1632869 -0.1541463 0.3437616 0.3056636 0.5853713 0.6494234 0.6585982 1.2974197 0.6533795 0.6779292 0.0415215 0.0152298 -0.0499181 0.2645343 -0.2541799 -0.2293188 -0.1868229 -0.1213681 -0.2137066 -0.1890967 -0.2107912
-0.1474170 -0.1711756 -0.1623833 -0.1593789 -0.1822632 -0.1630268 -0.1484497 -0.1754996 -0.1748521 -0.1747696 -0.1762086 -0.1893075 -0.1651802 -0.1443381 -0.1724933 -0.1878432 -0.1565113 -0.1307917 -0.1623610 -0.1600318 -0.1611457 -0.1777578 -0.1554135 -0.1420063 -0.1519004 -0.1460067 -0.1518710 -0.1585066 -0.1519149 -0.1653296 -0.1569977 -0.1680689 -0.1605052 0.3562541 0.2753808 0.6038494 0.6903185 0.7128454 0.6533795 1.3307899 0.7091873 0.0412726 0.0177388 -0.0542532 0.2499636 -0.2773046 -0.2688338 -0.2089412 -0.1359722 -0.2259623 -0.2023266 -0.2218599
-0.1546309 -0.1796062 -0.1651165 -0.1634313 -0.1793228 -0.1703833 -0.1445456 -0.1801982 -0.1787829 -0.1728351 -0.1824278 -0.1966136 -0.1645448 -0.1522249 -0.1771105 -0.1846824 -0.1430451 -0.1372142 -0.1695608 -0.1684687 -0.1660158 -0.1854005 -0.1617635 -0.1517737 -0.1527790 -0.1523126 -0.1646949 -0.1650330 -0.1575795 -0.1707357 -0.1622391 -0.1730304 -0.1642657 0.3723261 0.3139756 0.6079806 0.7073509 0.7033638 0.6779292 0.7091873 1.3471916 0.0335026 0.0101507 -0.0564821 0.2761925 -0.2659404 -0.2378428 -0.1891418 -0.1299022 -0.2033768 -0.1804957 -0.2011898
0.0037341 0.0077874 0.0083287 -0.0012777 -0.0044739 -0.0065549 0.0112266 -0.0247061 -0.0232323 -0.0120647 -0.0188195 -0.0225618 -0.0151819 0.0081725 0.0011039 -0.0141754 0.0057910 0.0225097 -0.0068071 0.0005904 0.0120894 -0.0239628 -0.0090615 0.0218433 0.0176823 0.0118481 -0.0006006 0.0126717 0.0125945 0.0086837 0.0147805 0.0052366 0.0079479 0.0092651 0.0084434 0.0407512 0.0424121 0.0383737 0.0415215 0.0412726 0.0335026 0.9506351 0.2202229 0.1240705 0.0134391 -0.1922290 -0.2064076 -0.2052641 -0.0367722 -0.3772122 -0.3370645 -0.3787321
-0.0005227 0.0077328 0.0097539 0.0011400 -0.0118243 -0.0160607 0.0031994 -0.0355492 -0.0348686 -0.0166279 -0.0311072 -0.0374010 -0.0269300 0.0066294 -0.0037733 -0.0168899 0.0050393 0.0243956 -0.0160917 -0.0007165 0.0119469 -0.0345572 -0.0149145 0.0226850 0.0180874 0.0088519 0.0059466 0.0121334 0.0109170 0.0127173 0.0152731 0.0002892 -0.0005931 -0.0136854 -0.0089286 0.0155359 0.0123858 0.0152152 0.0152298 0.0177388 0.0101507 0.2202229 0.9985692 0.1596199 0.0143012 -0.1495114 -0.1646139 -0.1723597 0.0039198 -0.3656315 -0.3284529 -0.3687858
0.0260675 0.0248132 0.0252095 0.0270577 0.0277002 0.0237102 0.0346067 -0.0150467 -0.0136693 0.0102138 -0.0054969 -0.0065613 -0.0000036 0.0394006 0.0309412 0.0086905 0.0258396 0.0403736 0.0242228 0.0199852 0.0328846 -0.0094274 0.0024952 0.0384202 0.0516770 0.0310699 0.0237939 0.0342175 0.0318007 0.0255617 0.0360380 0.0328862 0.0382632 -0.0478174 -0.0542470 -0.0480745 -0.0526342 -0.0545740 -0.0499181 -0.0542532 -0.0564821 0.1240705 0.1596199 1.0087293 -0.0427654 -0.0983485 -0.1204575 -0.1592332 0.0060501 -0.3761329 -0.3244749 -0.3769282
-0.1716052 -0.1890116 -0.1788035 -0.1777773 -0.1880872 -0.1866158 -0.1604419 -0.1971657 -0.1968311 -0.1881365 -0.1998507 -0.2086127 -0.1836516 -0.1683716 -0.1890862 -0.1921491 -0.1655348 -0.1569377 -0.1867062 -0.1845378 -0.1737630 -0.2028618 -0.1821347 -0.1620705 -0.1554475 -0.1653815 -0.1795901 -0.1735131 -0.1681346 -0.1786483 -0.1673731 -0.1852310 -0.1784824 0.2512240 0.3121814 0.2425615 0.2841348 0.2610161 0.2645343 0.2499636 0.2761925 0.0134391 0.0143012 -0.0427654 1.5395725 0.4085882 0.4459976 0.4285294 0.2727554 0.4061617 0.4079317 0.4082540
-0.4666460 -0.4687934 -0.4659295 -0.4564634 -0.4499091 -0.4440879 -0.4249380 -0.5051652 -0.5059872 -0.4933395 -0.5173848 -0.5170752 -0.4969282 -0.4312651 -0.4554012 -0.4887248 -0.4524670 -0.4412133 -0.4431846 -0.4836169 -0.4504211 -0.5169885 -0.4904334 -0.4417599 -0.4002827 -0.4369185 -0.4700565 -0.4512192 -0.4469380 -0.4659917 -0.4207121 -0.4554141 -0.4309726 -0.0293883 0.0518831 -0.2195387 -0.2469070 -0.2645341 -0.2541799 -0.2773046 -0.2659404 -0.1922290 -0.1495114 -0.0983485 0.4085882 4.9415088 4.2058048 3.1696284 2.6072314 2.3098207 2.3844001 2.2878802
-0.4795902 -0.4884700 -0.4849186 -0.4717397 -0.4708804 -0.4634621 -0.4396204 -0.5167801 -0.5179637 -0.5088776 -0.5276965 -0.5314182 -0.5080176 -0.4483997 -0.4752972 -0.5042170 -0.4703258 -0.4569813 -0.4624905 -0.4978782 -0.4678883 -0.5281829 -0.5049322 -0.4624588 -0.4216191 -0.4527315 -0.4878589 -0.4683146 -0.4623995 -0.4856858 -0.4372905 -0.4742328 -0.4474199 -0.0233979 0.1052948 -0.2137448 -0.2350753 -0.2576353 -0.2293188 -0.2688338 -0.2378428 -0.2064076 -0.1646139 -0.1204575 0.4459976 4.2058048 4.9758291 3.2366118 2.6268120 2.4208796 2.4853244 2.3984222
-0.4279782 -0.4416992 -0.4352545 -0.4262843 -0.4285372 -0.4263295 -0.4026100 -0.4449795 -0.4449599 -0.4464751 -0.4493016 -0.4578658 -0.4405023 -0.4122271 -0.4340500 -0.4506212 -0.4216679 -0.4124616 -0.4256914 -0.4432476 -0.4185313 -0.4591908 -0.4421433 -0.4163111 -0.3924775 -0.4077761 -0.4363467 -0.4213746 -0.4109651 -0.4355559 -0.3977305 -0.4322320 -0.4140161 0.0106734 0.1073764 -0.1647414 -0.1804398 -0.1993773 -0.1868229 -0.2089412 -0.1891418 -0.2052641 -0.1723597 -0.1592332 0.4285294 3.1696284 3.2366118 4.0419340 1.9465092 2.7654183 2.6882300 2.7454257
-0.3021177 -0.3004999 -0.2998849 -0.2973146 -0.2998921 -0.2909845 -0.2744539 -0.3524102 -0.3519918 -0.3331198 -0.3548098 -0.3611736 -0.3391987 -0.2750208 -0.2959957 -0.3198837 -0.2927988 -0.2734525 -0.2905488 -0.3120392 -0.2887954 -0.3575207 -0.3282453 -0.2744944 -0.2553336 -0.2777593 -0.3087907 -0.2876447 -0.2866843 -0.3005393 -0.2655836 -0.2962073 -0.2764667 0.0353779 0.0777369 -0.0932135 -0.1173617 -0.1320993 -0.1213681 -0.1359722 -0.1299022 -0.0367722 0.0039198 0.0060501 0.2727554 2.6072314 2.6268120 1.9465092 3.1819108 1.0412235 1.1528828 1.0209761
-0.4685738 -0.5036100 -0.4880011 -0.4761004 -0.4805728 -0.4936714 -0.4631448 -0.4138332 -0.4137121 -0.4549078 -0.4128695 -0.4313286 -0.4275479 -0.4860868 -0.4981678 -0.4910477 -0.4708135 -0.4790494 -0.4933925 -0.4851081 -0.4666313 -0.4398067 -0.4522117 -0.4882616 -0.4775050 -0.4607098 -0.4805818 -0.4763859 -0.4522632 -0.4881127 -0.4588103 -0.4925779 -0.4919710 -0.0429157 0.0431237 -0.2061543 -0.2028706 -0.2176765 -0.2137066 -0.2259623 -0.2033768 -0.3772122 -0.3656315 -0.3761329 0.4061617 2.3098207 2.4208796 2.7654183 1.0412235 5.3180046 4.0743232 4.7304602
-0.4490549 -0.4795016 -0.4664937 -0.4533509 -0.4556628 -0.4671066 -0.4379686 -0.4077554 -0.4080306 -0.4409074 -0.4080890 -0.4248822 -0.4182771 -0.4591671 -0.4731866 -0.4702097 -0.4487702 -0.4549909 -0.4671164 -0.4659723 -0.4463579 -0.4309323 -0.4386893 -0.4635788 -0.4486830 -0.4393851 -0.4610260 -0.4549996 -0.4337639 -0.4660699 -0.4362986 -0.4680255 -0.4630395 -0.0187789 0.0640015 -0.1789760 -0.1787949 -0.1939713 -0.1890967 -0.2023266 -0.1804957 -0.3370645 -0.3284529 -0.3244749 0.4079317 2.3844001 2.4853244 2.6882300 1.1528828 4.0743232 4.6778283 4.0763569
-0.4645749 -0.5000550 -0.4846914 -0.4733047 -0.4765138 -0.4911560 -0.4601036 -0.4071892 -0.4074689 -0.4503832 -0.4073123 -0.4256453 -0.4234256 -0.4839046 -0.4945729 -0.4876903 -0.4677633 -0.4754562 -0.4913507 -0.4814951 -0.4630352 -0.4340174 -0.4464704 -0.4854943 -0.4755137 -0.4569828 -0.4772097 -0.4725018 -0.4482332 -0.4842756 -0.4549953 -0.4894106 -0.4884475 -0.0411623 0.0438797 -0.2046293 -0.2002170 -0.2144166 -0.2107912 -0.2218599 -0.2011898 -0.3787321 -0.3687858 -0.3769282 0.4082540 2.2878802 2.3984222 2.7454257 1.0209761 4.7304602 4.0763569 5.2918081
