"","QUIN_LP_10_","QUIN_LP_11_","QUIN_LP_14_","QUIN_LP_17_","QUIN_LP_19_","QUIN_LP_1_","QUIN_LP_20_","QUIN_LP_22_","QUIN_LP_25_","QUIN_LP_26_","QUIN_LP_29_","QUIN_LP_31_","QUIN_LP_32_","QUIN_LP_37_","QUIN_LP_40_","QUIN_LP_41_","QUIN_LP_44_","QUIN_LP_52_","QUIN_LP_56_","QUIN_LP_58_","QUIN_LP_59_","QUIN_LP_5_","QUIN_LP_7_","QUIN_LP_8_"
"QUIN_LP_10_",0,0.070691985,0.070535199,0.070997465,0.074518979,0.06982476,0.074937742,0.070839194,0.071741884,0.067472,0.073051848,0.06848723,0.069120733,0.07218378,0.075042585,0.07409457,0.067139322,0.069339076,0.069679776,0.073020753,0.073968242,0.065968749,0.067503668,0.069519059
"QUIN_LP_11_",0.070691985,0,0.067469226,0.067142064,0.069708887,0.069335354,0.075090799,0.071518225,0.067881798,0.067546104,0.070996492,0.067055085,0.060299526,0.06594182,0.074070582,0.073579407,0.066437058,0.065250111,0.07022676,0.071041135,0.073596191,0.063779185,0.066376665,0.068078839
"QUIN_LP_14_",0.070535199,0.067469226,0,0.06774199,0.072324603,0.069184727,0.074674666,0.070946114,0.069066532,0.067367111,0.071339803,0.06964375,0.068239683,0.069243057,0.074983253,0.074385302,0.067223664,0.063245125,0.069091076,0.071234044,0.07455068,0.066612802,0.068885609,0.070445711
"QUIN_LP_17_",0.070997465,0.067142064,0.06774199,0,0.071850032,0.070739367,0.075461723,0.070188398,0.069385076,0.067342677,0.070544441,0.069035749,0.069227353,0.068407544,0.075792901,0.074843167,0.068375595,0.056811598,0.070838244,0.072962953,0.07395636,0.066640996,0.069918885,0.070875425
"QUIN_LP_19_",0.074518979,0.069708887,0.072324603,0.071850032,0,0.070671234,0.078548485,0.068841369,0.074261992,0.072816408,0.076181409,0.072691421,0.070757004,0.049044148,0.079040602,0.078243468,0.070548439,0.070787852,0.073326894,0.0753443,0.076631233,0.070305595,0.071467655,0.072857065
"QUIN_LP_1_",0.06982476,0.069335354,0.069184727,0.070739367,0.070671234,0,0.075339205,0.070213601,0.071008709,0.068202701,0.074307548,0.065550667,0.067596325,0.066896532,0.075412552,0.074572238,0.066581414,0.068382292,0.071185646,0.07279556,0.074321993,0.062770262,0.066005141,0.067280666
"QUIN_LP_20_",0.074937742,0.075090799,0.074674666,0.075461723,0.078548485,0.075339205,0,0.07634396,0.071216826,0.073271296,0.074029877,0.073170396,0.073647441,0.07519122,0.07241739,0.075373136,0.074627592,0.07247754,0.069431828,0.073780478,0.070936842,0.073285654,0.075193669,0.073973588
"QUIN_LP_22_",0.070839194,0.071518225,0.070946114,0.070188398,0.068841369,0.070213601,0.07634396,0,0.07074172,0.06778464,0.071528438,0.070598735,0.069972627,0.065348557,0.078180494,0.076319882,0.068046979,0.06729602,0.072083424,0.075895775,0.077045783,0.067800212,0.069597684,0.073416354
"QUIN_LP_25_",0.071741884,0.067881798,0.069066532,0.069385076,0.074261992,0.071008709,0.071216826,0.07074172,0,0.059995464,0.06352056,0.069294845,0.069354165,0.070385251,0.06498598,0.071461768,0.068769509,0.065779342,0.062458818,0.070363938,0.072366301,0.068818263,0.069466796,0.071901334
"QUIN_LP_26_",0.067472,0.067546104,0.067367111,0.067342677,0.072816408,0.068202701,0.073271296,0.06778464,0.059995464,0,0.058361413,0.067886035,0.06859325,0.069985613,0.0732527,0.072731311,0.065562222,0.064321004,0.057158679,0.072211473,0.07408123,0.064978233,0.066003421,0.07076706
"QUIN_LP_29_",0.073051848,0.070996492,0.071339803,0.070544441,0.076181409,0.074307548,0.074029877,0.071528438,0.06352056,0.058361413,0,0.07200386,0.071262772,0.072258211,0.072134994,0.071842367,0.071215624,0.068767923,0.064120872,0.072773915,0.073387073,0.071355016,0.071178963,0.074083101
"QUIN_LP_31_",0.06848723,0.067055085,0.06964375,0.069035749,0.072691421,0.065550667,0.073170396,0.070598735,0.069294845,0.067886035,0.07200386,0,0.064219583,0.068999738,0.074149713,0.072602268,0.062873917,0.065762799,0.070599315,0.071321656,0.072071483,0.063467391,0.060647308,0.061713426
"QUIN_LP_32_",0.069120733,0.060299526,0.068239683,0.069227353,0.070757004,0.067596325,0.073647441,0.069972627,0.069354165,0.06859325,0.071262772,0.064219583,0,0.068363179,0.074379114,0.072369076,0.064566131,0.066371493,0.069892661,0.070259828,0.072965909,0.063661994,0.062851697,0.067351884
"QUIN_LP_37_",0.07218378,0.06594182,0.069243057,0.068407544,0.049044148,0.066896532,0.07519122,0.065348557,0.070385251,0.069985613,0.072258211,0.068999738,0.068363179,0,0.075355094,0.075316928,0.067587774,0.06786553,0.070281357,0.07260983,0.07483707,0.067302862,0.068207802,0.06907127
"QUIN_LP_40_",0.075042585,0.074070582,0.074983253,0.075792901,0.079040602,0.075412552,0.07241739,0.078180494,0.06498598,0.0732527,0.072134994,0.074149713,0.074379114,0.075355094,0,0.073136097,0.075201235,0.074114682,0.070957832,0.072362342,0.072167229,0.074369516,0.074867365,0.07603916
"QUIN_LP_41_",0.07409457,0.073579407,0.074385302,0.074843167,0.078243468,0.074572238,0.075373136,0.076319882,0.071461768,0.072731311,0.071842367,0.072602268,0.072369076,0.075316928,0.073136097,0,0.072688768,0.071440867,0.073812055,0.071090941,0.073704901,0.071664874,0.073361363,0.074870006
"QUIN_LP_44_",0.067139322,0.066437058,0.067223664,0.068375595,0.070548439,0.066581414,0.074627592,0.068046979,0.068769509,0.065562222,0.071215624,0.062873917,0.064566131,0.067587774,0.075201235,0.072688768,0,0.065073434,0.068960119,0.070757178,0.07296826,0.062343484,0.059241211,0.066122589
"QUIN_LP_52_",0.069339076,0.065250111,0.063245125,0.056811598,0.070787852,0.068382292,0.07247754,0.06729602,0.065779342,0.064321004,0.068767923,0.065762799,0.066371493,0.06786553,0.074114682,0.071440867,0.065073434,0,0.068736771,0.069868449,0.071023101,0.063923537,0.067328961,0.068618187
"QUIN_LP_56_",0.069679776,0.07022676,0.069091076,0.070838244,0.073326894,0.071185646,0.069431828,0.072083424,0.062458818,0.057158679,0.064120872,0.070599315,0.069892661,0.070281357,0.070957832,0.073812055,0.068960119,0.068736771,0,0.069375359,0.071060156,0.069130931,0.07005157,0.072677955
"QUIN_LP_58_",0.073020753,0.071041135,0.071234044,0.072962953,0.0753443,0.07279556,0.073780478,0.075895775,0.070363938,0.072211473,0.072773915,0.071321656,0.070259828,0.07260983,0.072362342,0.071090941,0.070757178,0.069868449,0.069375359,0,0.0721036,0.071286792,0.071681664,0.073593672
"QUIN_LP_59_",0.073968242,0.073596191,0.07455068,0.07395636,0.076631233,0.074321993,0.070936842,0.077045783,0.072366301,0.07408123,0.073387073,0.072071483,0.072965909,0.07483707,0.072167229,0.073704901,0.07296826,0.071023101,0.071060156,0.0721036,0,0.072810026,0.073577788,0.074091775
"QUIN_LP_5_",0.065968749,0.063779185,0.066612802,0.066640996,0.070305595,0.062770262,0.073285654,0.067800212,0.068818263,0.064978233,0.071355016,0.063467391,0.063661994,0.067302862,0.074369516,0.071664874,0.062343484,0.063923537,0.069130931,0.071286792,0.072810026,0,0.064296619,0.065047432
"QUIN_LP_7_",0.067503668,0.066376665,0.068885609,0.069918885,0.071467655,0.066005141,0.075193669,0.069597684,0.069466796,0.066003421,0.071178963,0.060647308,0.062851697,0.068207802,0.074867365,0.073361363,0.059241211,0.067328961,0.07005157,0.071681664,0.073577788,0.064296619,0,0.067535992
"QUIN_LP_8_",0.069519059,0.068078839,0.070445711,0.070875425,0.072857065,0.067280666,0.073973588,0.073416354,0.071901334,0.07076706,0.074083101,0.061713426,0.067351884,0.06907127,0.07603916,0.074870006,0.066122589,0.068618187,0.072677955,0.073593672,0.074091775,0.065047432,0.067535992,0
