
53
QUIN_LP_10_	0.0000000000	0.0073514113	0.0072522012	0.0073109147	0.0078388560	0.0072622716	0.0078697081	0.0073768083	0.0074919131	0.0075769102	0.0071536914	0.0072770961	0.0075248499	0.0070662013	0.0074667332	0.0073647622	0.0082061075	0.0084414908	0.0071541729	0.0070461298	0.0074375992	0.0076471026	0.0077633097	0.0078338975	0.0077782246	0.0069616955	0.0077259646	0.0071389434	0.0070986225	0.0080945645	0.0072764624	0.0077791421	0.0070704310	0.0073535593	0.0098651346	0.0104093555	0.0091796891	0.0093003972	0.0093638264	0.0094204295	0.0093675071	0.0091144237	0.0082532878	0.0086340694	0.0080644206	0.0113966232	0.0176512181	0.0183096423	0.0181964344	0.0133283211	0.0244807414	0.0307791654	0.0236209487
QUIN_LP_11_	0.0073514113	0.0000000000	0.0069245883	0.0069346389	0.0073820565	0.0071467287	0.0078106223	0.0073585212	0.0074753452	0.0071780706	0.0070993816	0.0068740696	0.0072770434	0.0068789330	0.0067056308	0.0067929243	0.0080199613	0.0083021293	0.0070434777	0.0069131387	0.0070444899	0.0074449342	0.0077129233	0.0075773209	0.0076598673	0.0067255015	0.0073435630	0.0067123530	0.0065411514	0.0076724573	0.0062154384	0.0077550247	0.0069032416	0.0071642256	0.0097674952	0.0103131418	0.0090976033	0.0092015327	0.0092849092	0.0093277862	0.0092885234	0.0090222486	0.0080191280	0.0083806522	0.0078780105	0.0112669079	0.0174404012	0.0182240253	0.0181894766	0.0132381762	0.0243978230	0.0308310292	0.0235370436
QUIN_LP_14_	0.0072522012	0.0069245883	0.0000000000	0.0069052714	0.0074943464	0.0070587725	0.0076989393	0.0072338732	0.0073451033	0.0071974966	0.0070054382	0.0068709055	0.0072276496	0.0069933950	0.0072214244	0.0069575796	0.0080142509	0.0082892894	0.0069528752	0.0068899283	0.0068234635	0.0073876979	0.0075497357	0.0075113842	0.0076499925	0.0068684271	0.0070683501	0.0066394413	0.0070905174	0.0074480183	0.0069489280	0.0076378956	0.0070098737	0.0072627621	0.0097476446	0.0103011406	0.0090448042	0.0091445971	0.0091832725	0.0092309472	0.0092153668	0.0089262465	0.0079646609	0.0083338167	0.0078254726	0.0111983930	0.0173618343	0.0181563968	0.0180902042	0.0131694228	0.0243131152	0.0307725599	0.0234406663
QUIN_LP_17_	0.0073109147	0.0069346389	0.0069052714	0.0000000000	0.0074988264	0.0072014802	0.0077866356	0.0072042500	0.0073161990	0.0072475511	0.0070154138	0.0069324944	0.0071941021	0.0069746973	0.0073268465	0.0069375371	0.0081135788	0.0083514716	0.0070956271	0.0070104136	0.0063684818	0.0074365232	0.0077063984	0.0076799565	0.0076362368	0.0068916248	0.0075302908	0.0069319483	0.0070561277	0.0069942167	0.0069889682	0.0075899097	0.0071194246	0.0073257765	0.0097508502	0.0103017270	0.0090717762	0.0091980933	0.0092349218	0.0093077418	0.0092497314	0.0089714426	0.0080733366	0.0084439368	0.0078798358	0.0112483469	0.0173931690	0.0181706796	0.0181129777	0.0132077405	0.0243290810	0.0307814629	0.0234617474
QUIN_LP_19_	0.0078388560	0.0073820565	0.0074943464	0.0074988264	0.0000000000	0.0074567035	0.0082693322	0.0073597661	0.0074696940	0.0078743130	0.0077024042	0.0076047488	0.0078771795	0.0075116974	0.0077006812	0.0057410508	0.0086011591	0.0088610479	0.0073587765	0.0074271069	0.0076853031	0.0080731028	0.0081504737	0.0081034519	0.0080780030	0.0074480682	0.0079398318	0.0073245543	0.0076175791	0.0083144995	0.0072195016	0.0077649025	0.0074959417	0.0077304675	0.0102515486	0.0107979951	0.0096074159	0.0096935745	0.0097494278	0.0098369932	0.0097887630	0.0094918830	0.0085385944	0.0089340566	0.0083312149	0.0117341368	0.0178280853	0.0186237218	0.0186400742	0.0136976160	0.0247760966	0.0312434331	0.0239120106
QUIN_LP_1_	0.0072622716	0.0071467287	0.0070587725	0.0072014802	0.0074567035	0.0000000000	0.0078109810	0.0072443228	0.0073509838	0.0074186651	0.0071207894	0.0070827959	0.0075233099	0.0067452469	0.0072489196	0.0068665403	0.0081301988	0.0083769139	0.0050195869	0.0069188613	0.0072730645	0.0075025896	0.0077731483	0.0077203117	0.0077107835	0.0066222234	0.0076455685	0.0070571263	0.0070565271	0.0079389464	0.0069904244	0.0076312291	0.0068612810	0.0070914944	0.0097256313	0.0102811899	0.0090848562	0.0091924469	0.0092229366	0.0093117927	0.0092343833	0.0089665810	0.0081396875	0.0085543626	0.0079480662	0.0112783091	0.0173676203	0.0181522679	0.0181224469	0.0132177753	0.0243435349	0.0307828540	0.0234838321
QUIN_LP_20_	0.0078697081	0.0078106223	0.0076989393	0.0077866356	0.0082693322	0.0078109810	0.0000000000	0.0079290958	0.0080386542	0.0076689841	0.0077295127	0.0076356329	0.0077247032	0.0075582003	0.0079224101	0.0077195838	0.0081344433	0.0086654513	0.0077137430	0.0077518752	0.0078156413	0.0081155510	0.0078750441	0.0080248159	0.0076839241	0.0076562125	0.0083364264	0.0077427386	0.0078535516	0.0084578571	0.0078467610	0.0083312265	0.0077902454	0.0078175039	0.0102285359	0.0107828271	0.0095419961	0.0096650400	0.0096836832	0.0097806978	0.0097204959	0.0094153711	0.0085467787	0.0089708052	0.0083957970	0.0117008925	0.0178867620	0.0185621889	0.0185871000	0.0136648621	0.0247468443	0.0311618754	0.0238883760
QUIN_LP_22_	0.0073768083	0.0073585212	0.0072338732	0.0072042500	0.0073597661	0.0072443228	0.0079290958	0.0000000000	0.0048609958	0.0074388724	0.0071321998	0.0070116891	0.0073482041	0.0071844292	0.0074756587	0.0067955628	0.0083746062	0.0085458211	0.0071376265	0.0070656637	0.0072522973	0.0075074421	0.0078845186	0.0079918033	0.0079556568	0.0070734589	0.0076976555	0.0072148204	0.0073380391	0.0078654114	0.0073469951	0.0051751856	0.0071834971	0.0075976998	0.0099915363	0.0104572637	0.0092584548	0.0094291877	0.0094853109	0.0095569805	0.0094775588	0.0092009170	0.0082937161	0.0087036346	0.0081900113	0.0114693958	0.0175821375	0.0183392679	0.0182865535	0.0134283050	0.0244654277	0.0309121298	0.0236107803
QUIN_LP_23_	0.0074919131	0.0074753452	0.0073451033	0.0073161990	0.0074696940	0.0073509838	0.0080386542	0.0048609958	0.0000000000	0.0075551778	0.0072565696	0.0071317470	0.0074654230	0.0072968672	0.0075862887	0.0069124350	0.0084912514	0.0086607330	0.0072487848	0.0071760656	0.0073599323	0.0076222004	0.0080025602	0.0081040103	0.0080656600	0.0071803234	0.0078090776	0.0073267809	0.0074626019	0.0079851408	0.0074499088	0.0053049326	0.0072969166	0.0077110897	0.0100919599	0.0105565264	0.0093593641	0.0095254637	0.0095785526	0.0096498191	0.0095715301	0.0092893762	0.0084020938	0.0088160791	0.0083042791	0.0115746178	0.0177100206	0.0184542222	0.0184152247	0.0135367471	0.0245925147	0.0310221851	0.0237424587
QUIN_LP_25_	0.0075769102	0.0071780706	0.0071974966	0.0072475511	0.0078743130	0.0074186651	0.0076689841	0.0074388724	0.0075551778	0.0000000000	0.0066752079	0.0060792599	0.0068637472	0.0071898095	0.0075290458	0.0072746663	0.0074891973	0.0082872662	0.0073178506	0.0072342336	0.0072190342	0.0068592118	0.0072804742	0.0076807052	0.0077248963	0.0072471066	0.0076323379	0.0071431171	0.0074083187	0.0078615533	0.0072891381	0.0078437870	0.0072821005	0.0075979444	0.0099255195	0.0104709942	0.0092345785	0.0093483467	0.0094048895	0.0094569733	0.0094362841	0.0091135508	0.0082471197	0.0086316580	0.0080644111	0.0113902558	0.0176173010	0.0183844529	0.0183346897	0.0134257506	0.0245534415	0.0310081736	0.0236952530
QUIN_LP_26_	0.0071536914	0.0070993816	0.0070054382	0.0070154138	0.0077024042	0.0071207894	0.0077295127	0.0071321998	0.0072565696	0.0066752079	0.0000000000	0.0054175240	0.0064047975	0.0069968094	0.0074031135	0.0071815730	0.0080493654	0.0083221730	0.0070209303	0.0069066621	0.0070208672	0.0057563089	0.0068082416	0.0077596196	0.0077840788	0.0068420212	0.0074473005	0.0068889739	0.0070143118	0.0077326320	0.0070981518	0.0075423824	0.0069396579	0.0074330732	0.0097151648	0.0102051665	0.0090234106	0.0091576067	0.0091628154	0.0092551319	0.0091635264	0.0088966068	0.0080800012	0.0085130826	0.0079727879	0.0112337473	0.0175474725	0.0181768031	0.0180569392	0.0131651811	0.0243906847	0.0306924219	0.0235356070
QUIN_LP_28_	0.0072770961	0.0068740696	0.0068709055	0.0069324944	0.0076047488	0.0070827959	0.0076356329	0.0070116891	0.0071317470	0.0060792599	0.0054175240	0.0000000000	0.0061923239	0.0069183587	0.0072673634	0.0070595730	0.0077491330	0.0081942317	0.0069857238	0.0069092219	0.0068665600	0.0057271007	0.0068703216	0.0075603179	0.0076070557	0.0068859881	0.0072302043	0.0067570251	0.0070376170	0.0075296918	0.0069937231	0.0074194847	0.0069739994	0.0073272228	0.0097232329	0.0102307384	0.0089977063	0.0091408690	0.0091695313	0.0092468066	0.0091833320	0.0089074836	0.0080301419	0.0084613677	0.0079058134	0.0111801298	0.0173668706	0.0181033307	0.0180763340	0.0131876133	0.0243149690	0.0307148813	0.0234751452
QUIN_LP_29_	0.0075248499	0.0072770434	0.0072276496	0.0071941021	0.0078771795	0.0075233099	0.0077247032	0.0073482041	0.0074654230	0.0068637472	0.0064047975	0.0061923239	0.0000000000	0.0072529775	0.0075329306	0.0072787770	0.0078861571	0.0081775842	0.0074221480	0.0072759357	0.0073246523	0.0068207297	0.0072549942	0.0077176227	0.0076501684	0.0073099104	0.0077692520	0.0071760761	0.0074250143	0.0079484635	0.0074484240	0.0077755283	0.0072674981	0.0076198034	0.0099293584	0.0104381256	0.0091962950	0.0093376155	0.0094015924	0.0094761728	0.0093988614	0.0090919156	0.0082443949	0.0086731523	0.0081127365	0.0113822338	0.0176263764	0.0183722325	0.0183367116	0.0134263827	0.0244949717	0.0309639432	0.0236412438
QUIN_LP_31_	0.0070662013	0.0068789330	0.0069933950	0.0069746973	0.0075116974	0.0067452469	0.0075582003	0.0071844292	0.0072968672	0.0071898095	0.0069968094	0.0069183587	0.0072529775	0.0000000000	0.0069039941	0.0069268146	0.0079480828	0.0081396859	0.0066436646	0.0065399837	0.0069387020	0.0073604023	0.0076422447	0.0075164341	0.0074448964	0.0065476993	0.0073742004	0.0067388607	0.0068784888	0.0076722772	0.0067774664	0.0075619022	0.0063566184	0.0065735997	0.0094596726	0.0100387209	0.0088510345	0.0088966780	0.0089632014	0.0090354035	0.0089738498	0.0086991266	0.0078686178	0.0082712661	0.0076332157	0.0109858240	0.0171364388	0.0178924387	0.0178362025	0.0129716044	0.0240925597	0.0305007927	0.0232319617
QUIN_LP_32_	0.0074667332	0.0067056308	0.0072214244	0.0073268465	0.0077006812	0.0072489196	0.0079224101	0.0074756587	0.0075862887	0.0075290458	0.0074031135	0.0072673634	0.0075329306	0.0069039941	0.0000000000	0.0072190953	0.0082883780	0.0084494292	0.0071469417	0.0070129376	0.0073408821	0.0077060265	0.0079278823	0.0077587171	0.0078436460	0.0069241369	0.0077877972	0.0070006501	0.0072615988	0.0080348162	0.0069297317	0.0078567682	0.0068775849	0.0073416403	0.0099794846	0.0105329840	0.0093502953	0.0094426226	0.0094917686	0.0095388545	0.0095022268	0.0092043357	0.0083064886	0.0087064450	0.0081108043	0.0114921153	0.0176726015	0.0184338707	0.0183884122	0.0134673509	0.0246200229	0.0310464846	0.0237503752
QUIN_LP_37_	0.0073647622	0.0067929243	0.0069575796	0.0069375371	0.0057410508	0.0068665403	0.0077195838	0.0067955628	0.0069124350	0.0072746663	0.0071815730	0.0070595730	0.0072787770	0.0069268146	0.0072190953	0.0000000000	0.0080204723	0.0083398249	0.0067633448	0.0069002658	0.0071567237	0.0075563265	0.0076176430	0.0075949738	0.0076502020	0.0069173451	0.0073113782	0.0067237738	0.0070710197	0.0077845768	0.0066376758	0.0072008816	0.0069458226	0.0071403473	0.0097938654	0.0103112677	0.0091238173	0.0092110492	0.0093011967	0.0093755906	0.0093412670	0.0090241325	0.0080665629	0.0084377730	0.0078679980	0.0112182803	0.0173824250	0.0181716394	0.0181008915	0.0131876848	0.0242806215	0.0307317681	0.0234165376
QUIN_LP_40_	0.0082061075	0.0080199613	0.0080142509	0.0081135788	0.0086011591	0.0081301988	0.0081344433	0.0083746062	0.0084912514	0.0074891973	0.0080493654	0.0077491330	0.0078861571	0.0079480828	0.0082883780	0.0080204723	0.0000000000	0.0087890697	0.0080285509	0.0081037753	0.0082510310	0.0083006457	0.0082875719	0.0082005837	0.0080761747	0.0080749067	0.0086224068	0.0080619861	0.0080387158	0.0088641977	0.0080665247	0.0087796301	0.0080693893	0.0082839444	0.0105796013	0.0111271222	0.0098806649	0.0099863501	0.0100774813	0.0101542082	0.0101299298	0.0097573908	0.0088975680	0.0092696750	0.0087205376	0.0120494837	0.0182102423	0.0190033865	0.0189598889	0.0140685670	0.0251473758	0.0315860532	0.0242885335
QUIN_LP_41_	0.0084414908	0.0083021293	0.0082892894	0.0083514716	0.0088610479	0.0083769139	0.0086654513	0.0085458211	0.0086607330	0.0082872662	0.0083221730	0.0081942317	0.0081775842	0.0081396859	0.0084494292	0.0083398249	0.0087890697	0.0000000000	0.0082754390	0.0082221173	0.0083567595	0.0086307761	0.0088171689	0.0084260299	0.0085021946	0.0081752776	0.0088682408	0.0082249675	0.0083656548	0.0089726556	0.0083496529	0.0089287081	0.0082727144	0.0085093187	0.0108149872	0.0113167066	0.0101186947	0.0101894317	0.0102477492	0.0103198417	0.0102825297	0.0099994419	0.0090848343	0.0094570027	0.0089128033	0.0122896150	0.0185031133	0.0192476216	0.0191870364	0.0142697696	0.0254248715	0.0318365898	0.0245642967
QUIN_LP_43_	0.0071541729	0.0070434777	0.0069528752	0.0070956271	0.0073587765	0.0050195869	0.0077137430	0.0071376265	0.0072487848	0.0073178506	0.0070209303	0.0069857238	0.0074221480	0.0066436646	0.0071469417	0.0067633448	0.0080285509	0.0082754390	0.0000000000	0.0068177576	0.0071845515	0.0074034578	0.0076730531	0.0076235857	0.0076082350	0.0065295843	0.0075435381	0.0069725825	0.0069632827	0.0078371121	0.0069000306	0.0075282297	0.0067635562	0.0069889952	0.0096260288	0.0101730428	0.0089739254	0.0090808739	0.0091147137	0.0092047608	0.0091284989	0.0088624421	0.0080335824	0.0084477834	0.0078436071	0.0111776225	0.0172568347	0.0180418225	0.0180305094	0.0131162815	0.0242348599	0.0306811632	0.0233791252
QUIN_LP_44_	0.0070461298	0.0069131387	0.0068899283	0.0070104136	0.0074271069	0.0069188613	0.0077518752	0.0070656637	0.0071760656	0.0072342336	0.0069066621	0.0069092219	0.0072759357	0.0065399837	0.0070129376	0.0069002658	0.0081037753	0.0082221173	0.0068177576	0.0000000000	0.0069978051	0.0073034589	0.0076008398	0.0075501732	0.0075924364	0.0065752066	0.0073156736	0.0066851919	0.0069303670	0.0076546651	0.0068068334	0.0074545713	0.0063460718	0.0069966241	0.0096675081	0.0102005443	0.0089903361	0.0090794050	0.0091340876	0.0091848184	0.0091493257	0.0088839335	0.0080005933	0.0083746796	0.0078278329	0.0111762640	0.0174141853	0.0181486351	0.0180482320	0.0131488545	0.0242966312	0.0307321807	0.0234251840
QUIN_LP_52_	0.0074375992	0.0070444899	0.0068234635	0.0063684818	0.0076853031	0.0072730645	0.0078156413	0.0072522973	0.0073599323	0.0072190342	0.0070208672	0.0068665600	0.0073246523	0.0069387020	0.0073408821	0.0071567237	0.0082510310	0.0083567595	0.0071845515	0.0069978051	0.0000000000	0.0074470277	0.0078132346	0.0077072804	0.0076729813	0.0067884806	0.0074691885	0.0066313854	0.0069628470	0.0059989747	0.0068038047	0.0076179158	0.0071483437	0.0073941373	0.0097333175	0.0102463578	0.0090319395	0.0091463794	0.0092305312	0.0092579826	0.0092108238	0.0089115997	0.0080231722	0.0084232277	0.0078624627	0.0111447843	0.0173560815	0.0180855600	0.0178724755	0.0131119652	0.0242929439	0.0305930379	0.0233986016
QUIN_LP_55_	0.0076471026	0.0074449342	0.0073876979	0.0074365232	0.0080731028	0.0075025896	0.0081155510	0.0075074421	0.0076222004	0.0068592118	0.0057563089	0.0057271007	0.0068207297	0.0073604023	0.0077060265	0.0075563265	0.0083006457	0.0086307761	0.0074034578	0.0073034589	0.0074470277	0.0000000000	0.0071964380	0.0080735593	0.0081009153	0.0073089798	0.0077201085	0.0072496091	0.0074838091	0.0080793014	0.0075145510	0.0079020413	0.0073744185	0.0078032700	0.0101515184	0.0106605746	0.0094690774	0.0095956511	0.0096213445	0.0096905608	0.0096410678	0.0093645066	0.0084947958	0.0089015248	0.0083671465	0.0116636260	0.0178570701	0.0186017651	0.0185496826	0.0136473476	0.0247825883	0.0312020026	0.0239303239
QUIN_LP_56_	0.0077633097	0.0077129233	0.0075497357	0.0077063984	0.0081504737	0.0077731483	0.0078750441	0.0078845186	0.0080025602	0.0072804742	0.0068082416	0.0068703216	0.0072549942	0.0076422447	0.0079278823	0.0076176430	0.0082875719	0.0088171689	0.0076730531	0.0076008398	0.0078132346	0.0071964380	0.0000000000	0.0079559192	0.0079744009	0.0076311202	0.0081312964	0.0075624537	0.0077329529	0.0084529433	0.0077298523	0.0082728961	0.0076815884	0.0080121701	0.0102494347	0.0107568496	0.0095604194	0.0096694612	0.0097285757	0.0097784896	0.0097411344	0.0094547860	0.0086112773	0.0090042493	0.0084920549	0.0117559172	0.0179748297	0.0187277270	0.0186476252	0.0137594932	0.0248983260	0.0313121932	0.0240393107
QUIN_LP_58_	0.0078338975	0.0075773209	0.0075113842	0.0076799565	0.0081034519	0.0077203117	0.0080248159	0.0079918033	0.0081040103	0.0076807052	0.0077596196	0.0075603179	0.0077176227	0.0075164341	0.0077587171	0.0075949738	0.0082005837	0.0084260299	0.0076235857	0.0075501732	0.0077072804	0.0080735593	0.0079559192	0.0000000000	0.0078560541	0.0076113551	0.0081797814	0.0075201359	0.0076895637	0.0083406835	0.0075862456	0.0083890982	0.0076118493	0.0078862467	0.0101109237	0.0107026627	0.0094710508	0.0095719903	0.0096688522	0.0097339095	0.0096801805	0.0094089991	0.0084505273	0.0088299658	0.0082925113	0.0116388743	0.0178307872	0.0186241743	0.0185587739	0.0136563987	0.0247936696	0.0312040133	0.0239346126
QUIN_LP_59_	0.0077782246	0.0076598673	0.0076499925	0.0076362368	0.0080780030	0.0077107835	0.0076839241	0.0079556568	0.0080656600	0.0077248963	0.0077840788	0.0076070557	0.0076501684	0.0074448964	0.0078436460	0.0076502020	0.0080761747	0.0085021946	0.0076082350	0.0075924364	0.0076729813	0.0081009153	0.0079744009	0.0078560541	0.0000000000	0.0076005755	0.0082068790	0.0075186023	0.0076793623	0.0083312825	0.0076753127	0.0083503202	0.0076331441	0.0078022029	0.0101125528	0.0106838947	0.0094571191	0.0095800248	0.0096407007	0.0097307241	0.0096654917	0.0093866664	0.0084096317	0.0088095039	0.0081949180	0.0115686467	0.0176758749	0.0184679864	0.0184834503	0.0135712251	0.0246142079	0.0311034934	0.0237502182
QUIN_LP_5_	0.0069616955	0.0067255015	0.0068684271	0.0068916248	0.0074480682	0.0066222234	0.0076562125	0.0070734589	0.0071803234	0.0072471066	0.0068420212	0.0068859881	0.0073099104	0.0065476993	0.0069241369	0.0069173451	0.0080749067	0.0081752776	0.0065295843	0.0065752066	0.0067884806	0.0073089798	0.0076311202	0.0076113551	0.0076005755	0.0000000000	0.0074113275	0.0065709576	0.0064866801	0.0076378779	0.0064135134	0.0074229587	0.0067014650	0.0069082377	0.0094468906	0.0100176803	0.0087784203	0.0088833619	0.0089373152	0.0089645900	0.0089068079	0.0086323411	0.0078684368	0.0083175299	0.0077668548	0.0109751756	0.0172663695	0.0179652913	0.0177850092	0.0129292190	0.0241245466	0.0305707658	0.0232275485
QUIN_LP_61_	0.0077259646	0.0073435630	0.0070683501	0.0075302908	0.0079398318	0.0076455685	0.0083364264	0.0076976555	0.0078090776	0.0076323379	0.0074473005	0.0072302043	0.0077692520	0.0073742004	0.0077877972	0.0073113782	0.0086224068	0.0088682408	0.0075435381	0.0073156736	0.0074691885	0.0077201085	0.0081312964	0.0081797814	0.0082068790	0.0074113275	0.0000000000	0.0064829585	0.0074759437	0.0080669198	0.0073807740	0.0080844253	0.0074987648	0.0077360201	0.0102116812	0.0107633953	0.0095477649	0.0096235925	0.0096820729	0.0097365638	0.0097076224	0.0094588601	0.0085409514	0.0088649172	0.0083377051	0.0117131116	0.0178552904	0.0186548935	0.0185853331	0.0137103163	0.0248159646	0.0312660620	0.0239622044
QUIN_LP_62_	0.0071389434	0.0067123530	0.0066394413	0.0069319483	0.0073245543	0.0070571263	0.0077427386	0.0072148204	0.0073267809	0.0071431171	0.0068889739	0.0067570251	0.0071760761	0.0067388607	0.0070006501	0.0067237738	0.0080619861	0.0082249675	0.0069725825	0.0066851919	0.0066313854	0.0072496091	0.0075624537	0.0075201359	0.0075186023	0.0065709576	0.0064829585	0.0000000000	0.0066695974	0.0075094478	0.0064221529	0.0075612853	0.0068618335	0.0069884234	0.0095622873	0.0100988203	0.0088875335	0.0089719168	0.0090628718	0.0090740865	0.0090509912	0.0087545482	0.0078661611	0.0082744497	0.0076952010	0.0109946324	0.0171876467	0.0179537786	0.0177569315	0.0129594703	0.0240853092	0.0304627370	0.0231958925
QUIN_LP_63_	0.0070986225	0.0065411514	0.0070905174	0.0070561277	0.0076175791	0.0070565271	0.0078535516	0.0073380391	0.0074626019	0.0074083187	0.0070143118	0.0070376170	0.0074250143	0.0068784888	0.0072615988	0.0070710197	0.0080387158	0.0083656548	0.0069632827	0.0069303670	0.0069628470	0.0074838091	0.0077329529	0.0076895637	0.0076793623	0.0064866801	0.0074759437	0.0066695974	0.0000000000	0.0078676367	0.0065588415	0.0076908428	0.0069033459	0.0072361618	0.0096893211	0.0102494620	0.0090023022	0.0091080767	0.0092040786	0.0092382011	0.0091579766	0.0088732392	0.0080685918	0.0084995307	0.0079337506	0.0111874408	0.0175311970	0.0182206766	0.0179209216	0.0131899183	0.0244147946	0.0308162265	0.0235040959
QUIN_LP_64_	0.0080945645	0.0076724573	0.0074480183	0.0069942167	0.0083144995	0.0079389464	0.0084578571	0.0078654114	0.0079851408	0.0078615533	0.0077326320	0.0075296918	0.0079484635	0.0076722772	0.0080348162	0.0077845768	0.0088641977	0.0089726556	0.0078371121	0.0076546651	0.0059989747	0.0080793014	0.0084529433	0.0083406835	0.0083312825	0.0076378779	0.0080669198	0.0075094478	0.0078676367	0.0000000000	0.0077251277	0.0082552379	0.0078472907	0.0080619921	0.0105127081	0.0110380524	0.0098195234	0.0099386870	0.0099900478	0.0100406474	0.0100039203	0.0097287273	0.0087173619	0.0090604720	0.0085593418	0.0119547216	0.0181107682	0.0189155357	0.0188406105	0.0139303459	0.0250807884	0.0315057581	0.0242194729
QUIN_LP_65_	0.0072764624	0.0062154384	0.0069489280	0.0069889682	0.0072195016	0.0069904244	0.0078467610	0.0073469951	0.0074499088	0.0072891381	0.0070981518	0.0069937231	0.0074484240	0.0067774664	0.0069297317	0.0066376758	0.0080665247	0.0083496529	0.0069000306	0.0068068334	0.0068038047	0.0075145510	0.0077298523	0.0075862456	0.0076753127	0.0064135134	0.0073807740	0.0064221529	0.0065588415	0.0077251277	0.0000000000	0.0076851142	0.0068876424	0.0070208185	0.0096485058	0.0101953120	0.0090051988	0.0090681495	0.0091588296	0.0091765994	0.0091340475	0.0088478373	0.0079724385	0.0083961113	0.0078474389	0.0111063298	0.0172544409	0.0180061423	0.0177160780	0.0130143701	0.0241479235	0.0305996432	0.0232417128
QUIN_LP_66_	0.0077791421	0.0077550247	0.0076378956	0.0075899097	0.0077649025	0.0076312291	0.0083312265	0.0051751856	0.0053049326	0.0078437870	0.0075423824	0.0074194847	0.0077755283	0.0075619022	0.0078567682	0.0072008816	0.0087796301	0.0089287081	0.0075282297	0.0074545713	0.0076179158	0.0079020413	0.0082728961	0.0083890982	0.0083503202	0.0074229587	0.0080844253	0.0075612853	0.0076908428	0.0082552379	0.0076851142	0.0000000000	0.0075688571	0.0079866472	0.0103505230	0.0108087894	0.0096225998	0.0097783040	0.0098348833	0.0098853534	0.0098169636	0.0095436459	0.0086795368	0.0090889962	0.0085874686	0.0118284582	0.0179988903	0.0187225514	0.0186507928	0.0138026848	0.0248841645	0.0312842640	0.0240280807
QUIN_LP_7_	0.0070704310	0.0069032416	0.0070098737	0.0071194246	0.0074959417	0.0068612810	0.0077902454	0.0071834971	0.0072969166	0.0072821005	0.0069396579	0.0069739994	0.0072674981	0.0063566184	0.0068775849	0.0069458226	0.0080693893	0.0082727144	0.0067635562	0.0063460718	0.0071483437	0.0073744185	0.0076815884	0.0076118493	0.0076331441	0.0067014650	0.0074987648	0.0068618335	0.0069033459	0.0078472907	0.0068876424	0.0075688571	0.0000000000	0.0070838009	0.0096658110	0.0102248749	0.0090200625	0.0091227409	0.0091612918	0.0092298680	0.0091913557	0.0089002558	0.0080067228	0.0084105074	0.0078169002	0.0111844212	0.0173442034	0.0181142967	0.0180605710	0.0131645939	0.0242815608	0.0307281709	0.0234136842
QUIN_LP_8_	0.0073535593	0.0071642256	0.0072627621	0.0073257765	0.0077304675	0.0070914944	0.0078175039	0.0075976998	0.0077110897	0.0075979444	0.0074330732	0.0073272228	0.0076198034	0.0065735997	0.0073416403	0.0071403473	0.0082839444	0.0085093187	0.0069889952	0.0069966241	0.0073941373	0.0078032700	0.0080121701	0.0078862467	0.0078022029	0.0069082377	0.0077360201	0.0069884234	0.0072361618	0.0080619921	0.0070208185	0.0079866472	0.0070838009	0.0000000000	0.0098935890	0.0104605707	0.0092644990	0.0093629077	0.0094108338	0.0094521890	0.0094250630	0.0091396540	0.0082577825	0.0086735954	0.0080441408	0.0114373896	0.0175860763	0.0183062561	0.0182859475	0.0133987915	0.0245226024	0.0309392918	0.0236512361
COM_LP_269_Du-703	0.0098651346	0.0097674952	0.0097476446	0.0097508502	0.0102515486	0.0097256313	0.0102285359	0.0099915363	0.0100919599	0.0099255195	0.0097151648	0.0097232329	0.0099293584	0.0094596726	0.0099794846	0.0097938654	0.0105796013	0.0108149872	0.0096260288	0.0096675081	0.0097333175	0.0101515184	0.0102494347	0.0101109237	0.0101125528	0.0094468906	0.0102116812	0.0095622873	0.0096893211	0.0105127081	0.0096485058	0.0103505230	0.0096658110	0.0098935890	0.0000000000	0.0087996782	0.0085578496	0.0086973510	0.0088298877	0.0089718940	0.0088456272	0.0085281014	0.0096903150	0.0101748306	0.0098293077	0.0110745761	0.0172552460	0.0179116307	0.0177993712	0.0133826503	0.0239861485	0.0304547649	0.0231205666
DOV_LP_080_Du-176	0.0104093555	0.0103131418	0.0103011406	0.0103017270	0.0107979951	0.0102811899	0.0107828271	0.0104572637	0.0105565264	0.0104709942	0.0102051665	0.0102307384	0.0104381256	0.0100387209	0.0105329840	0.0103112677	0.0111271222	0.0113167066	0.0101730428	0.0102005443	0.0102463578	0.0106605746	0.0107568496	0.0107026627	0.0106838947	0.0100176803	0.0107633953	0.0100988203	0.0102494620	0.0110380524	0.0101953120	0.0108087894	0.0102248749	0.0104605707	0.0087996782	0.0000000000	0.0090937781	0.0094407587	0.0095754242	0.0095353820	0.0095612531	0.0091934562	0.0101227798	0.0106068431	0.0102628698	0.0112849369	0.0175277981	0.0179729528	0.0179911055	0.0138448465	0.0242018247	0.0306851603	0.0233242564
RIC_LP_199_Du-528	0.0091796891	0.0090976033	0.0090448042	0.0090717762	0.0096074159	0.0090848562	0.0095419961	0.0092584548	0.0093593641	0.0092345785	0.0090234106	0.0089977063	0.0091962950	0.0088510345	0.0093502953	0.0091238173	0.0098806649	0.0101186947	0.0089739254	0.0089903361	0.0090319395	0.0094690774	0.0095604194	0.0094710508	0.0094571191	0.0087784203	0.0095477649	0.0088875335	0.0090023022	0.0098195234	0.0090051988	0.0096225998	0.0090200625	0.0092644990	0.0085578496	0.0090937781	0.0000000000	0.0069677432	0.0070794991	0.0072177574	0.0070694963	0.0067772033	0.0087574562	0.0092625470	0.0090017796	0.0104143489	0.0169871727	0.0176633116	0.0174944704	0.0130161320	0.0237690046	0.0301399020	0.0228906369
CROB_LP_177_Du-389	0.0093003972	0.0092015327	0.0091445971	0.0091980933	0.0096935745	0.0091924469	0.0096650400	0.0094291877	0.0095254637	0.0093483467	0.0091576067	0.0091408690	0.0093376155	0.0088966780	0.0094426226	0.0092110492	0.0099863501	0.0101894317	0.0090808739	0.0090794050	0.0091463794	0.0095956511	0.0096694612	0.0095719903	0.0095800248	0.0088833619	0.0096235925	0.0089719168	0.0091080767	0.0099386870	0.0090681495	0.0097783040	0.0091227409	0.0093629077	0.0086973510	0.0094407587	0.0069677432	0.0000000000	0.0067902719	0.0070210628	0.0068220277	0.0064217097	0.0088100380	0.0093278586	0.0090729366	0.0103015962	0.0171051811	0.0177849498	0.0176242344	0.0131179034	0.0238736403	0.0303354893	0.0229906884
KIRN_LP_184_Du-426	0.0093638264	0.0092849092	0.0091832725	0.0092349218	0.0097494278	0.0092229366	0.0096836832	0.0094853109	0.0095785526	0.0094048895	0.0091628154	0.0091695313	0.0094015924	0.0089632014	0.0094917686	0.0093011967	0.0100774813	0.0102477492	0.0091147137	0.0091340876	0.0092305312	0.0096213445	0.0097285757	0.0096688522	0.0096407007	0.0089373152	0.0096820729	0.0090628718	0.0092040786	0.0099900478	0.0091588296	0.0098348833	0.0091612918	0.0094108338	0.0088298877	0.0095754242	0.0070794991	0.0067902719	0.0000000000	0.0070579740	0.0067629720	0.0065203095	0.0088981394	0.0093780443	0.0091397130	0.0105091776	0.0172627080	0.0179116050	0.0176997027	0.0131847692	0.0239984071	0.0303608379	0.0231123077
MALV_LP_095_Du-201	0.0094204295	0.0093277862	0.0092309472	0.0093077418	0.0098369932	0.0093117927	0.0097806978	0.0095569805	0.0096498191	0.0094569733	0.0092551319	0.0092468066	0.0094761728	0.0090354035	0.0095388545	0.0093755906	0.0101542082	0.0103198417	0.0092047608	0.0091848184	0.0092579826	0.0096905608	0.0097784896	0.0097339095	0.0097307241	0.0089645900	0.0097365638	0.0090740865	0.0092382011	0.0100406474	0.0091765994	0.0098853534	0.0092298680	0.0094521890	0.0089718940	0.0095353820	0.0072177574	0.0070210628	0.0070579740	0.0000000000	0.0070971256	0.0067076218	0.0089628323	0.0094834621	0.0092210260	0.0105262911	0.0173647081	0.0179440640	0.0178115905	0.0133120579	0.0241016292	0.0305644017	0.0232034050
TULP_LP_120_Du-248	0.0093675071	0.0092885234	0.0092153668	0.0092497314	0.0097887630	0.0092343833	0.0097204959	0.0094775588	0.0095715301	0.0094362841	0.0091635264	0.0091833320	0.0093988614	0.0089738498	0.0095022268	0.0093412670	0.0101299298	0.0102825297	0.0091284989	0.0091493257	0.0092108238	0.0096410678	0.0097411344	0.0096801805	0.0096654917	0.0089068079	0.0097076224	0.0090509912	0.0091579766	0.0100039203	0.0091340475	0.0098169636	0.0091913557	0.0094250630	0.0088456272	0.0095612531	0.0070694963	0.0068220277	0.0067629720	0.0070971256	0.0000000000	0.0065162070	0.0089155098	0.0094173074	0.0091720636	0.0106193938	0.0173403302	0.0179899438	0.0177505903	0.0132104643	0.0240605979	0.0304155613	0.0231720658
DUD_LP_136_Du-287	0.0091144237	0.0090222486	0.0089262465	0.0089714426	0.0094918830	0.0089665810	0.0094153711	0.0092009170	0.0092893762	0.0091135508	0.0088966068	0.0089074836	0.0090919156	0.0086991266	0.0092043357	0.0090241325	0.0097573908	0.0099994419	0.0088624421	0.0088839335	0.0089115997	0.0093645066	0.0094547860	0.0094089991	0.0093866664	0.0086323411	0.0094588601	0.0087545482	0.0088732392	0.0097287273	0.0088478373	0.0095436459	0.0089002558	0.0091396540	0.0085281014	0.0091934562	0.0067772033	0.0064217097	0.0065203095	0.0067076218	0.0065162070	0.0000000000	0.0086712275	0.0091546467	0.0089036498	0.0101926506	0.0170432421	0.0176030006	0.0174618488	0.0129768974	0.0237460738	0.0302056482	0.0228689324
STI_LP_034_Du-52	0.0082532878	0.0080191280	0.0079646609	0.0080733366	0.0085385944	0.0081396875	0.0085467787	0.0082937161	0.0084020938	0.0082471197	0.0080800012	0.0080301419	0.0082443949	0.0078686178	0.0083064886	0.0080665629	0.0088975680	0.0090848343	0.0080335824	0.0080005933	0.0080231722	0.0084947958	0.0086112773	0.0084505273	0.0084096317	0.0078684368	0.0085409514	0.0078661611	0.0080685918	0.0087173619	0.0079724385	0.0086795368	0.0080067228	0.0082577825	0.0096903150	0.0101227798	0.0087574562	0.0088100380	0.0088981394	0.0089628323	0.0089155098	0.0086712275	0.0000000000	0.0076421327	0.0075657843	0.0108199232	0.0170910813	0.0177990905	0.0177302023	0.0127563877	0.0239905777	0.0303999639	0.0231254554
RSV_LP_050_Du-87	0.0086340694	0.0083806522	0.0083338167	0.0084439368	0.0089340566	0.0085543626	0.0089708052	0.0087036346	0.0088160791	0.0086316580	0.0085130826	0.0084613677	0.0086731523	0.0082712661	0.0087064450	0.0084377730	0.0092696750	0.0094570027	0.0084477834	0.0083746796	0.0084232277	0.0089015248	0.0090042493	0.0088299658	0.0088095039	0.0083175299	0.0088649172	0.0082744497	0.0084995307	0.0090604720	0.0083961113	0.0090889962	0.0084105074	0.0086735954	0.0101748306	0.0106068431	0.0092625470	0.0093278586	0.0093780443	0.0094834621	0.0094173074	0.0091546467	0.0076421327	0.0000000000	0.0079116180	0.0112543671	0.0173142287	0.0180696593	0.0180765514	0.0130733309	0.0243115729	0.0307840818	0.0234459545
QUI1_LP_255_Du-654	0.0080644206	0.0078780105	0.0078254726	0.0078798358	0.0083312149	0.0079480662	0.0083957970	0.0081900113	0.0083042791	0.0080644111	0.0079727879	0.0079058134	0.0081127365	0.0076332157	0.0081108043	0.0078679980	0.0087205376	0.0089128033	0.0078436071	0.0078278329	0.0078624627	0.0083671465	0.0084920549	0.0082925113	0.0081949180	0.0077668548	0.0083377051	0.0076952010	0.0079337506	0.0085593418	0.0078474389	0.0085874686	0.0078169002	0.0080441408	0.0098293077	0.0102628698	0.0090017796	0.0090729366	0.0091397130	0.0092210260	0.0091720636	0.0089036498	0.0075657843	0.0079116180	0.0000000000	0.0109743829	0.0167832654	0.0175353152	0.0176531192	0.0127077437	0.0238809535	0.0302981888	0.0230264571
BAI_LP_105_Du-222	0.0113966232	0.0112669079	0.0111983930	0.0112483469	0.0117341368	0.0112783091	0.0117008925	0.0114693958	0.0115746178	0.0113902558	0.0112337473	0.0111801298	0.0113822338	0.0109858240	0.0114921153	0.0112182803	0.0120494837	0.0122896150	0.0111776225	0.0111762640	0.0111447843	0.0116636260	0.0117559172	0.0116388743	0.0115686467	0.0109751756	0.0117131116	0.0109946324	0.0111874408	0.0119547216	0.0111063298	0.0118284582	0.0111844212	0.0114373896	0.0110745761	0.0112849369	0.0104143489	0.0103015962	0.0105091776	0.0105262911	0.0106193938	0.0101926506	0.0108199232	0.0112543671	0.0109743829	0.0000000000	0.0172844680	0.0178015447	0.0177807897	0.0142173423	0.0239490194	0.0304570595	0.0230813746
CY_HICN_LP_236_Du-614	0.0176512181	0.0174404012	0.0173618343	0.0173931690	0.0178280853	0.0173676203	0.0178867620	0.0175821375	0.0177100206	0.0176173010	0.0175474725	0.0173668706	0.0176263764	0.0171364388	0.0176726015	0.0173824250	0.0182102423	0.0185031133	0.0172568347	0.0174141853	0.0173560815	0.0178570701	0.0179748297	0.0178307872	0.0176758749	0.0172663695	0.0178552904	0.0171876467	0.0175311970	0.0181107682	0.0172544409	0.0179988903	0.0173442034	0.0175860763	0.0172552460	0.0175277981	0.0169871727	0.0171051811	0.0172627080	0.0173647081	0.0173403302	0.0170432421	0.0170910813	0.0173142287	0.0167832654	0.0172844680	0.0000000000	0.0113829511	0.0168055869	0.0138468580	0.0237186640	0.0301713661	0.0230189090
CY_SIE_LP_189_Du-446	0.0183096423	0.0182240253	0.0181563968	0.0181706796	0.0186237218	0.0181522679	0.0185621889	0.0183392679	0.0184542222	0.0183844529	0.0181768031	0.0181033307	0.0183722325	0.0178924387	0.0184338707	0.0181716394	0.0190033865	0.0192476216	0.0180418225	0.0181486351	0.0180855600	0.0186017651	0.0187277270	0.0186241743	0.0184679864	0.0179652913	0.0186548935	0.0179537786	0.0182206766	0.0189155357	0.0180061423	0.0187225514	0.0181142967	0.0183062561	0.0179116307	0.0179729528	0.0176633116	0.0177849498	0.0179116050	0.0179440640	0.0179899438	0.0176030006	0.0177990905	0.0180696593	0.0175353152	0.0178015447	0.0113829511	0.0000000000	0.0169869376	0.0141925245	0.0239821704	0.0304497875	0.0232600341
CY_HUN_LP_267_Du-686	0.0181964344	0.0181894766	0.0180902042	0.0181129777	0.0186400742	0.0181224469	0.0185871000	0.0182865535	0.0184152247	0.0183346897	0.0180569392	0.0180763340	0.0183367116	0.0178362025	0.0183884122	0.0181008915	0.0189598889	0.0191870364	0.0180305094	0.0180482320	0.0178724755	0.0185496826	0.0186476252	0.0185587739	0.0184834503	0.0177850092	0.0185853331	0.0177569315	0.0179209216	0.0188406105	0.0177160780	0.0186507928	0.0180605710	0.0182859475	0.0177993712	0.0179911055	0.0174944704	0.0176242344	0.0176997027	0.0178115905	0.0177505903	0.0174618488	0.0177302023	0.0180765514	0.0176531192	0.0177807897	0.0168055869	0.0169869376	0.0000000000	0.0168021100	0.0238932811	0.0300020032	0.0231973251
CY_BOU_LP_290_Du-739	0.0133283211	0.0132381762	0.0131694228	0.0132077405	0.0136976160	0.0132177753	0.0136648621	0.0134283050	0.0135367471	0.0134257506	0.0131651811	0.0131876133	0.0134263827	0.0129716044	0.0134673509	0.0131876848	0.0140685670	0.0142697696	0.0131162815	0.0131488545	0.0131119652	0.0136473476	0.0137594932	0.0136563987	0.0135712251	0.0129292190	0.0137103163	0.0129594703	0.0131899183	0.0139303459	0.0130143701	0.0138026848	0.0131645939	0.0133987915	0.0133826503	0.0138448465	0.0130161320	0.0131179034	0.0131847692	0.0133120579	0.0132104643	0.0129768974	0.0127563877	0.0130733309	0.0127077437	0.0142173423	0.0138468580	0.0141925245	0.0168021100	0.0000000000	0.0235463210	0.0298217034	0.0227998051
ABMU_HOR_LP_308_Du-777	0.0244807414	0.0243978230	0.0243131152	0.0243290810	0.0247760966	0.0243435349	0.0247468443	0.0244654277	0.0245925147	0.0245534415	0.0243906847	0.0243149690	0.0244949717	0.0240925597	0.0246200229	0.0242806215	0.0251473758	0.0254248715	0.0242348599	0.0242966312	0.0242929439	0.0247825883	0.0248983260	0.0247936696	0.0246142079	0.0241245466	0.0248159646	0.0240853092	0.0244147946	0.0250807884	0.0241479235	0.0248841645	0.0242815608	0.0245226024	0.0239861485	0.0242018247	0.0237690046	0.0238736403	0.0239984071	0.0241016292	0.0240605979	0.0237460738	0.0239905777	0.0243115729	0.0238809535	0.0239490194	0.0237186640	0.0239821704	0.0238932811	0.0235463210	0.0000000000	0.0293492160	0.0151291563
ABBE_BERN_LP_312_Du-781	0.0307791654	0.0308310292	0.0307725599	0.0307814629	0.0312434331	0.0307828540	0.0311618754	0.0309121298	0.0310221851	0.0310081736	0.0306924219	0.0307148813	0.0309639432	0.0305007927	0.0310464846	0.0307317681	0.0315860532	0.0318365898	0.0306811632	0.0307321807	0.0305930379	0.0312020026	0.0313121932	0.0312040133	0.0311034934	0.0305707658	0.0312660620	0.0304627370	0.0308162265	0.0315057581	0.0305996432	0.0312842640	0.0307281709	0.0309392918	0.0304547649	0.0306851603	0.0301399020	0.0303354893	0.0303608379	0.0305644017	0.0304155613	0.0302056482	0.0303999639	0.0307840818	0.0302981888	0.0304570595	0.0301713661	0.0304497875	0.0300020032	0.0298217034	0.0293492160	0.0000000000	0.0287265993
ABAB_MAD_LP_322_Du-593	0.0236209487	0.0235370436	0.0234406663	0.0234617474	0.0239120106	0.0234838321	0.0238883760	0.0236107803	0.0237424587	0.0236952530	0.0235356070	0.0234751452	0.0236412438	0.0232319617	0.0237503752	0.0234165376	0.0242885335	0.0245642967	0.0233791252	0.0234251840	0.0233986016	0.0239303239	0.0240393107	0.0239346126	0.0237502182	0.0232275485	0.0239622044	0.0231958925	0.0235040959	0.0242194729	0.0232417128	0.0240280807	0.0234136842	0.0236512361	0.0231205666	0.0233242564	0.0228906369	0.0229906884	0.0231123077	0.0232034050	0.0231720658	0.0228689324	0.0231254554	0.0234459545	0.0230264571	0.0230813746	0.0230189090	0.0232600341	0.0231973251	0.0227998051	0.0151291563	0.0287265993	0.0000000000
