
52
QUIN_LP_10_	0.0000000000	0.0073524871	0.0072530852	0.0073119534	0.0078398743	0.0072633519	0.0078709871	0.0073771301	0.0074924889	0.0075780352	0.0071549010	0.0072782206	0.0075259591	0.0070671868	0.0074679280	0.0073657069	0.0082075711	0.0084431414	0.0071552225	0.0070471685	0.0074384051	0.0076487986	0.0077649021	0.0078353028	0.0077796054	0.0069624355	0.0077272500	0.0071397915	0.0070994585	0.0080962130	0.0072773424	0.0070713569	0.0073547545	0.0098662635	0.0104106893	0.0091808549	0.0093016205	0.0093651097	0.0094217221	0.0093689979	0.0091154585	0.0082541023	0.0086352621	0.0080653281	0.0113980040	0.0176531156	0.0183118720	0.0181985124	0.0133296626	0.0244838349	0.0307848616	0.0236236687
QUIN_LP_11_	0.0073524871	0.0000000000	0.0069255528	0.0069357999	0.0073831438	0.0071478104	0.0078119362	0.0073587943	0.0074758783	0.0071792045	0.0071005656	0.0068752877	0.0072781839	0.0068799843	0.0067067397	0.0067939733	0.0080214323	0.0083038282	0.0070445431	0.0069142403	0.0070453874	0.0074466862	0.0077146147	0.0075788294	0.0076612771	0.0067264194	0.0073449020	0.0067132110	0.0065420119	0.0076742122	0.0062162168	0.0069042851	0.0071654853	0.0097686943	0.0103146119	0.0090988058	0.0092028341	0.0092862592	0.0093291503	0.0092900730	0.0090233208	0.0080200535	0.0083819293	0.0078789875	0.0112683542	0.0174423489	0.0182263083	0.0181915157	0.0132396584	0.0244009813	0.0308367826	0.0235397791
QUIN_LP_14_	0.0072530852	0.0069255528	0.0000000000	0.0069062611	0.0074952616	0.0070596864	0.0077000544	0.0072340070	0.0073455269	0.0071984999	0.0070065045	0.0068718723	0.0072286279	0.0069942835	0.0072224064	0.0069584442	0.0080156322	0.0082907901	0.0069537750	0.0068908457	0.0068243176	0.0073892464	0.0075511103	0.0075126958	0.0076513088	0.0068690446	0.0070695161	0.0066400556	0.0070911323	0.0074496073	0.0069496648	0.0070106657	0.0072637947	0.0097486456	0.0103024077	0.0090457941	0.0091456683	0.0091844517	0.0092321319	0.0092167236	0.0089271165	0.0079653974	0.0083348332	0.0078262621	0.0111996453	0.0173636035	0.0181584945	0.0180920160	0.0131706186	0.0243160194	0.0307781113	0.0234432245
QUIN_LP_17_	0.0073119534	0.0069357999	0.0069062611	0.0000000000	0.0074999821	0.0072025333	0.0077879493	0.0072045635	0.0073167867	0.0072487636	0.0070165874	0.0069337022	0.0071952498	0.0069758038	0.0073280263	0.0069386141	0.0081150900	0.0083531700	0.0070966891	0.0070115336	0.0063694706	0.0074382111	0.0077079794	0.0076814056	0.0076376947	0.0068924850	0.0075316280	0.0069328172	0.0070570319	0.0069959667	0.0069898928	0.0071204539	0.0073269880	0.0097520794	0.0103031705	0.0090729668	0.0091993924	0.0092362502	0.0093091013	0.0092512261	0.0089725224	0.0080742888	0.0084451448	0.0078808536	0.0112497811	0.0173951532	0.0181730191	0.0181151591	0.0132091854	0.0243321529	0.0307873087	0.0234644752
QUIN_LP_19_	0.0078398743	0.0073831438	0.0074952616	0.0074999821	0.0000000000	0.0074578416	0.0082706152	0.0073601593	0.0074703306	0.0078754642	0.0077036009	0.0076059409	0.0078782894	0.0075127456	0.0077019571	0.0057421245	0.0086026833	0.0088627117	0.0073598722	0.0074281511	0.0076860418	0.0080747910	0.0081520667	0.0081049411	0.0080794300	0.0074489645	0.0079411339	0.0073254437	0.0076181959	0.0083162928	0.0072204108	0.0074969103	0.0077316926	0.0102527634	0.0107994689	0.0096086155	0.0096948081	0.0097507695	0.0098384035	0.0097902541	0.0094929188	0.0085395046	0.0089352994	0.0083321768	0.0117355587	0.0178300138	0.0186260145	0.0186421410	0.0136990471	0.0247791689	0.0312491974	0.0239147729
QUIN_LP_1_	0.0072633519	0.0071478104	0.0070596864	0.0072025333	0.0074578416	0.0000000000	0.0078121863	0.0072445117	0.0073514978	0.0074198270	0.0071219854	0.0070839267	0.0075243473	0.0067461982	0.0072502062	0.0068675595	0.0081317167	0.0083785744	0.0050205964	0.0069198977	0.0072739614	0.0075042461	0.0077746888	0.0077217792	0.0077122141	0.0066230178	0.0076468278	0.0070579482	0.0070572637	0.0079406335	0.0069913269	0.0068622234	0.0070926335	0.0097267950	0.0102825831	0.0090859608	0.0091936524	0.0092242311	0.0093131137	0.0092358248	0.0089675899	0.0081405107	0.0085555614	0.0079490163	0.0112797203	0.0173695286	0.0181545245	0.0181245509	0.0132191006	0.0243465201	0.0307886243	0.0234864502
QUIN_LP_20_	0.0078709871	0.0078119362	0.0077000544	0.0077879493	0.0082706152	0.0078121863	0.0000000000	0.0079295688	0.0080393939	0.0076702914	0.0077309457	0.0076369924	0.0077260598	0.0075594148	0.0079237719	0.0077207797	0.0081361509	0.0086673153	0.0077149199	0.0077531515	0.0078167207	0.0081174979	0.0078768380	0.0080264991	0.0076855456	0.0076571809	0.0083379417	0.0077437346	0.0078546074	0.0084597833	0.0078478727	0.0077914189	0.0078188930	0.0102298482	0.0107843651	0.0095433091	0.0096664572	0.0096851789	0.0097822551	0.0097221661	0.0094165885	0.0085478529	0.0089722209	0.0083969311	0.0117025109	0.0178888200	0.0185645586	0.0185891742	0.0136663752	0.0247500522	0.0311678334	0.0238912143
QUIN_LP_22_	0.0073771301	0.0073587943	0.0072340070	0.0072045635	0.0073601593	0.0072445117	0.0079295688	0.0000000000	0.0048616714	0.0074391713	0.0071324899	0.0070119374	0.0073484799	0.0071846228	0.0074760696	0.0067958228	0.0083752375	0.0085465751	0.0071378754	0.0070659495	0.0072524051	0.0075082878	0.0078852261	0.0079924226	0.0079562239	0.0070732577	0.0076981429	0.0072148319	0.0073378296	0.0078663829	0.0073471931	0.0071836607	0.0075980400	0.0099918359	0.0104577319	0.0092586758	0.0094294424	0.0094856399	0.0095573376	0.0094780993	0.0092010006	0.0082937726	0.0087039311	0.0081900406	0.0114699116	0.0175832331	0.0183406730	0.0182877649	0.0134288738	0.0244678619	0.0309170098	0.0236129025
QUIN_LP_23_	0.0074924889	0.0074758783	0.0073455269	0.0073167867	0.0074703306	0.0073514978	0.0080393939	0.0048616714	0.0000000000	0.0075557732	0.0072571960	0.0071322509	0.0074659762	0.0072973268	0.0075870061	0.0069129547	0.0084921405	0.0086617808	0.0072493228	0.0071766235	0.0073603060	0.0076233321	0.0080035782	0.0081048885	0.0080664576	0.0071805106	0.0078098322	0.0073271022	0.0074629644	0.0079863482	0.0074502864	0.0072973831	0.0077117613	0.0100925467	0.0105573123	0.0093598880	0.0095259804	0.0095791527	0.0096504659	0.0095723415	0.0092897281	0.0084024473	0.0088166537	0.0083046113	0.0115754256	0.0177113774	0.0184559228	0.0184167382	0.0135375784	0.0245951547	0.0310274501	0.0237447266
QUIN_LP_25_	0.0075780352	0.0071792045	0.0071984999	0.0072487636	0.0078754642	0.0074198270	0.0076702914	0.0074391713	0.0075557732	0.0000000000	0.0066765446	0.0060805317	0.0068649331	0.0071909682	0.0075303061	0.0072757305	0.0074908108	0.0082889854	0.0073189604	0.0072354497	0.0072200970	0.0068610187	0.0072821716	0.0076822380	0.0077263620	0.0072481043	0.0076337677	0.0071440584	0.0074092571	0.0078634724	0.0072900768	0.0072831510	0.0075992476	0.0099267775	0.0104724531	0.0092357855	0.0093496573	0.0094063004	0.0094584049	0.0094378518	0.0091146702	0.0082480734	0.0086330212	0.0080654805	0.0113917736	0.0176193284	0.0183868389	0.0183367762	0.0134272175	0.0245566068	0.0310140099	0.0236980553
QUIN_LP_26_	0.0071549010	0.0071005656	0.0070065045	0.0070165874	0.0077036009	0.0071219854	0.0077309457	0.0071324899	0.0072571960	0.0066765446	0.0000000000	0.0054188450	0.0064060400	0.0069979755	0.0074043867	0.0071827018	0.0080509891	0.0083240095	0.0070221064	0.0069078387	0.0070220327	0.0057581525	0.0068099912	0.0077611728	0.0077856004	0.0068429389	0.0074487062	0.0068899144	0.0070152489	0.0077344943	0.0070993716	0.0069407841	0.0074343823	0.0097164853	0.0102066488	0.0090247019	0.0091589270	0.0091642229	0.0092565564	0.0091651335	0.0088977716	0.0080810385	0.0085144200	0.0079738349	0.0112352584	0.0175493945	0.0181790365	0.0180591018	0.0131665880	0.0243938558	0.0306982831	0.0235383645
QUIN_LP_28_	0.0072782206	0.0068752877	0.0068718723	0.0069337022	0.0076059409	0.0070839267	0.0076369924	0.0070119374	0.0071322509	0.0060805317	0.0054188450	0.0000000000	0.0061935098	0.0069195568	0.0072686332	0.0070606002	0.0077506771	0.0081960416	0.0069868422	0.0069103360	0.0068676377	0.0057289275	0.0068720229	0.0075618145	0.0076085866	0.0068867785	0.0072315373	0.0067579513	0.0070384924	0.0075315194	0.0069948841	0.0069751196	0.0073284873	0.0097244752	0.0102321528	0.0089989281	0.0091421628	0.0091709285	0.0092482219	0.0091848810	0.0089085790	0.0080311062	0.0084627264	0.0079068230	0.0111815930	0.0173688324	0.0181056482	0.0180783412	0.0131890969	0.0243180119	0.0307207109	0.0234780077
QUIN_LP_29_	0.0075259591	0.0072781839	0.0072286279	0.0071952498	0.0078782894	0.0075243473	0.0077260598	0.0073484799	0.0074659762	0.0068649331	0.0064060400	0.0061935098	0.0000000000	0.0072540440	0.0075341238	0.0072798366	0.0078876728	0.0081792576	0.0074232168	0.0072770415	0.0073256221	0.0068224661	0.0072566009	0.0077190851	0.0076515929	0.0073106498	0.0077705595	0.0071768860	0.0074257594	0.0079502155	0.0074492623	0.0072684441	0.0076210516	0.0099305313	0.0104395453	0.0091974847	0.0093388686	0.0094029281	0.0094775402	0.0094003937	0.0090929893	0.0082453036	0.0086744019	0.0081136362	0.0113836893	0.0176282901	0.0183745072	0.0183388825	0.0134278531	0.0244980915	0.0309696904	0.0236440067
QUIN_LP_31_	0.0070671868	0.0068799843	0.0069942835	0.0069758038	0.0075127456	0.0067461982	0.0075594148	0.0071846228	0.0072973268	0.0071909682	0.0069979755	0.0069195568	0.0072540440	0.0000000000	0.0069050611	0.0069277679	0.0079495484	0.0081413592	0.0066447003	0.0065409959	0.0069396236	0.0073620985	0.0076437735	0.0075178525	0.0074462741	0.0065484124	0.0073754553	0.0067397064	0.0068791041	0.0076740349	0.0067784912	0.0063575364	0.0065747573	0.0094607912	0.0100400954	0.0088521455	0.0088978726	0.0089644802	0.0090367149	0.0089753133	0.0087001612	0.0078694372	0.0082724215	0.0076341365	0.0109872272	0.0171381761	0.0178945714	0.0178380648	0.0129728112	0.0240955248	0.0305065757	0.0232345504
QUIN_LP_32_	0.0074679280	0.0067067397	0.0072224064	0.0073280263	0.0077019571	0.0072502062	0.0079237719	0.0074760696	0.0075870061	0.0075303061	0.0074043867	0.0072686332	0.0075341238	0.0069050611	0.0000000000	0.0072202101	0.0082899987	0.0084512117	0.0071481380	0.0070141429	0.0073419283	0.0077079236	0.0079296393	0.0077602950	0.0078451379	0.0069250313	0.0077892443	0.0070014459	0.0072624813	0.0080366321	0.0069304786	0.0068786987	0.0073429468	0.0099808382	0.0105344725	0.0093515644	0.0094439747	0.0094931772	0.0095403010	0.0095038235	0.0092054821	0.0083075565	0.0087077442	0.0081117902	0.0114936465	0.0176746563	0.0184361494	0.0183907451	0.0134688093	0.0246231296	0.0310523404	0.0237531362
QUIN_LP_37_	0.0073657069	0.0067939733	0.0069584442	0.0069386141	0.0057421245	0.0068675595	0.0077207797	0.0067958228	0.0069129547	0.0072757305	0.0071827018	0.0070606002	0.0072798366	0.0069277679	0.0072202101	0.0000000000	0.0080219294	0.0083414171	0.0067643096	0.0069012503	0.0071575999	0.0075579515	0.0076191272	0.0075963866	0.0076515514	0.0069180204	0.0073126424	0.0067245417	0.0070715443	0.0077862844	0.0066382140	0.0069467728	0.0071414326	0.0097949683	0.0103126288	0.0091249359	0.0092122558	0.0093024569	0.0093768851	0.0093427150	0.0090250880	0.0080673792	0.0084389505	0.0078688838	0.0112196146	0.0173842598	0.0181738370	0.0181029370	0.0131889629	0.0242836164	0.0307374244	0.0234191816
QUIN_LP_40_	0.0082075711	0.0080214323	0.0080156322	0.0081150900	0.0086026833	0.0081317167	0.0081361509	0.0083752375	0.0084921405	0.0074908108	0.0080509891	0.0077506771	0.0078876728	0.0079495484	0.0082899987	0.0080219294	0.0000000000	0.0087911796	0.0080300571	0.0081053396	0.0082523502	0.0083027655	0.0082896020	0.0082025014	0.0080780578	0.0080761500	0.0086240969	0.0080632346	0.0080399128	0.0088663424	0.0080678765	0.0080707738	0.0082855877	0.0105811545	0.0111289964	0.0098823036	0.0099880442	0.0100792747	0.0101560256	0.0101319139	0.0097588811	0.0088988294	0.0092713452	0.0087219426	0.0120513378	0.0182126058	0.0190060689	0.0189622761	0.0140704202	0.0251509128	0.0315922850	0.0242917370
QUIN_LP_41_	0.0084431414	0.0083038282	0.0082907901	0.0083531700	0.0088627117	0.0083785744	0.0086673153	0.0085465751	0.0086617808	0.0082889854	0.0083240095	0.0081960416	0.0081792576	0.0081413592	0.0084512117	0.0083414171	0.0087911796	0.0000000000	0.0082770687	0.0082237849	0.0083582539	0.0086330685	0.0088193842	0.0084280876	0.0085041720	0.0081764310	0.0088701158	0.0082264101	0.0083670492	0.0089750011	0.0083514787	0.0082742773	0.0085111045	0.0108168298	0.0113187472	0.0101204452	0.0101912645	0.0102496718	0.0103218368	0.0102846318	0.0100010737	0.0090862733	0.0094587478	0.0089143334	0.0122916158	0.0185057242	0.0192504751	0.0191897728	0.0142717879	0.0254286368	0.0318429378	0.0245676713
QUIN_LP_43_	0.0071552225	0.0070445431	0.0069537750	0.0070966891	0.0073598722	0.0050205964	0.0077149199	0.0071378754	0.0072493228	0.0073189604	0.0070221064	0.0069868422	0.0074232168	0.0066447003	0.0071481380	0.0067643096	0.0080300571	0.0082770687	0.0000000000	0.0068188418	0.0071854385	0.0074051395	0.0076745562	0.0076250368	0.0076096075	0.0065304969	0.0075447666	0.0069733984	0.0069640632	0.0078387860	0.0069008945	0.0067645095	0.0069901226	0.0096271675	0.0101743992	0.0089750165	0.0090821041	0.0091159659	0.0092059969	0.0091298994	0.0088634083	0.0080344259	0.0084489746	0.0078444957	0.0111789681	0.0172586502	0.0180439776	0.0180326121	0.0131175643	0.0242377842	0.0306867812	0.0233816920
QUIN_LP_44_	0.0070471685	0.0069142403	0.0068908457	0.0070115336	0.0074281511	0.0069198977	0.0077531515	0.0070659495	0.0071766235	0.0072354497	0.0069078387	0.0069103360	0.0072770415	0.0065409959	0.0070141429	0.0069012503	0.0081053396	0.0082237849	0.0068188418	0.0000000000	0.0069987923	0.0073051329	0.0076024383	0.0075515983	0.0075938169	0.0065760582	0.0073169321	0.0066861079	0.0069312848	0.0076564575	0.0068076203	0.0063470383	0.0069978072	0.0096687516	0.0102019345	0.0089915279	0.0090807065	0.0091354154	0.0091861675	0.0091508771	0.0088850082	0.0080015084	0.0083759020	0.0078288177	0.0111776645	0.0174161795	0.0181509756	0.0180501461	0.0131503325	0.0242997518	0.0307380057	0.0234279153
QUIN_LP_52_	0.0074384051	0.0070453874	0.0068243176	0.0063694706	0.0076860418	0.0072739614	0.0078167207	0.0072524051	0.0073603060	0.0072200970	0.0070220327	0.0068676377	0.0073256221	0.0069396236	0.0073419283	0.0071575999	0.0082523502	0.0083582539	0.0071854385	0.0069987923	0.0000000000	0.0074485457	0.0078147553	0.0077086002	0.0076742714	0.0067890984	0.0074703148	0.0066319218	0.0069637111	0.0060007197	0.0068048419	0.0071489973	0.0073949906	0.0097344321	0.0102475155	0.0090330109	0.0091474633	0.0092317366	0.0092591932	0.0092120881	0.0089124490	0.0080239216	0.0084243522	0.0078631487	0.0111459124	0.0173576651	0.0180874046	0.0178740914	0.0131130966	0.0242956433	0.0305985773	0.0234008926
QUIN_LP_55_	0.0076487986	0.0074466862	0.0073892464	0.0074382111	0.0080747910	0.0075042461	0.0081174979	0.0075082878	0.0076233321	0.0068610187	0.0057581525	0.0057289275	0.0068224661	0.0073620985	0.0077079236	0.0075579515	0.0083027655	0.0086330685	0.0074051395	0.0073051329	0.0074485457	0.0000000000	0.0071986472	0.0080756324	0.0081029481	0.0073104359	0.0077220275	0.0072510023	0.0074851770	0.0080816883	0.0075163834	0.0073760050	0.0078051205	0.0101533544	0.0106626472	0.0094708355	0.0095975227	0.0096232789	0.0096925312	0.0096431672	0.0093661623	0.0084963587	0.0089033749	0.0083686940	0.0116656184	0.0178596071	0.0186046199	0.0185522011	0.0136493501	0.0247863014	0.0312083679	0.0239336771
QUIN_LP_56_	0.0077649021	0.0077146147	0.0075511103	0.0077079794	0.0081520667	0.0077746888	0.0078768380	0.0078852261	0.0080035782	0.0072821716	0.0068099912	0.0068720229	0.0072566009	0.0076437735	0.0079296393	0.0076191272	0.0082896020	0.0088193842	0.0076745562	0.0076024383	0.0078147553	0.0071986472	0.0000000000	0.0079578602	0.0079763447	0.0076323890	0.0081330883	0.0075636977	0.0077341379	0.0084551971	0.0077315025	0.0076830581	0.0080139050	0.0102510822	0.0107587618	0.0095620714	0.0096712109	0.0097304108	0.0097803214	0.0097431479	0.0094563530	0.0086127183	0.0090059817	0.0084934994	0.0117578253	0.0179772778	0.0187304767	0.0186499607	0.0137613339	0.0249018226	0.0313184484	0.0240424772
QUIN_LP_58_	0.0078353028	0.0075788294	0.0075126958	0.0076814056	0.0081049411	0.0077217792	0.0080264991	0.0079924226	0.0081048885	0.0076822380	0.0077611728	0.0075618145	0.0077190851	0.0075178525	0.0077602950	0.0075963866	0.0082025014	0.0084280876	0.0076250368	0.0075515983	0.0077086002	0.0080756324	0.0079578602	0.0000000000	0.0078578353	0.0076125131	0.0081814674	0.0075212915	0.0076906969	0.0083427860	0.0075875343	0.0076131776	0.0078878540	0.0101125318	0.0107044579	0.0094725462	0.0095735804	0.0096705321	0.0097355862	0.0096820420	0.0094103750	0.0084517830	0.0088315316	0.0082938371	0.0116406433	0.0178330659	0.0186268002	0.0185610045	0.0136581037	0.0247970637	0.0312100798	0.0239376965
QUIN_LP_59_	0.0077796054	0.0076612771	0.0076513088	0.0076376947	0.0080794300	0.0077122141	0.0076855456	0.0079562239	0.0080664576	0.0077263620	0.0077856004	0.0076085866	0.0076515929	0.0074462741	0.0078451379	0.0076515514	0.0080780578	0.0085041720	0.0076096075	0.0075938169	0.0076742714	0.0081029481	0.0079763447	0.0078578353	0.0000000000	0.0076017515	0.0082085497	0.0075197482	0.0076806146	0.0083333771	0.0076766742	0.0076344317	0.0078038099	0.0101140873	0.0106856791	0.0094586326	0.0095816103	0.0096424171	0.0097324540	0.0096673485	0.0093881148	0.0084108976	0.0088110337	0.0081961901	0.0115704372	0.0176781478	0.0184705872	0.0184858085	0.0135729291	0.0246176495	0.0311095483	0.0237532740
QUIN_LP_5_	0.0069624355	0.0067264194	0.0068690446	0.0068924850	0.0074489645	0.0066230178	0.0076571809	0.0070732577	0.0071805106	0.0072481043	0.0068429389	0.0068867785	0.0073106498	0.0065484124	0.0069250313	0.0069180204	0.0080761500	0.0081764310	0.0065304969	0.0065760582	0.0067890984	0.0073104359	0.0076323890	0.0076125131	0.0076017515	0.0000000000	0.0074121995	0.0065714010	0.0064874026	0.0076394753	0.0064141657	0.0067020883	0.0069090306	0.0094478489	0.0100188833	0.0087794150	0.0088844047	0.0089383577	0.0089656319	0.0089080545	0.0086331729	0.0078690251	0.0083185083	0.0077675246	0.0109762810	0.0172680685	0.0179674026	0.0177866395	0.0129305775	0.0241275642	0.0305764621	0.0232299025
QUIN_LP_61_	0.0077272500	0.0073449020	0.0070695161	0.0075316280	0.0079411339	0.0076468278	0.0083379417	0.0076981429	0.0078098322	0.0076337677	0.0074487062	0.0072315373	0.0077705595	0.0073754553	0.0077892443	0.0073126424	0.0086240969	0.0088701158	0.0075447666	0.0073169321	0.0074703148	0.0077220275	0.0081330883	0.0081814674	0.0082085497	0.0074121995	0.0000000000	0.0064839930	0.0074769200	0.0080689246	0.0073816052	0.0074999467	0.0077374454	0.0102130886	0.0107650431	0.0095491183	0.0096250430	0.0096836109	0.0097381337	0.0097093370	0.0094601162	0.0085420521	0.0088663192	0.0083388497	0.0117147006	0.0178573634	0.0186573184	0.0185875181	0.0137119090	0.0248191786	0.0312719567	0.0239650364
QUIN_LP_62_	0.0071397915	0.0067132110	0.0066400556	0.0069328172	0.0073254437	0.0070579482	0.0077437346	0.0072148319	0.0073271022	0.0071440584	0.0068899144	0.0067579513	0.0071768860	0.0067397064	0.0070014459	0.0067245417	0.0080632346	0.0082264101	0.0069733984	0.0066861079	0.0066319218	0.0072510023	0.0075636977	0.0075212915	0.0075197482	0.0065714010	0.0064839930	0.0000000000	0.0066700549	0.0075110209	0.0064230554	0.0068625897	0.0069894911	0.0095631592	0.0100999253	0.0088885148	0.0089729178	0.0090638532	0.0090752597	0.0090522982	0.0087554052	0.0078668715	0.0082754730	0.0076959077	0.0109959110	0.0171891115	0.0179557019	0.0177589609	0.0129605370	0.0240879699	0.0304681395	0.0231983864
QUIN_LP_63_	0.0070994585	0.0065420119	0.0070911323	0.0070570319	0.0076181959	0.0070572637	0.0078546074	0.0073378296	0.0074629644	0.0074092571	0.0070152489	0.0070384924	0.0074257594	0.0068791041	0.0072624813	0.0070715443	0.0080399128	0.0083670492	0.0069640632	0.0069312848	0.0069637111	0.0074851770	0.0077341379	0.0076906969	0.0076806146	0.0064874026	0.0074769200	0.0066700549	0.0000000000	0.0078692590	0.0065596951	0.0069039620	0.0072370267	0.0096903251	0.0102505693	0.0090031595	0.0091089162	0.0092050153	0.0092391914	0.0091590261	0.0088739197	0.0080690774	0.0085003167	0.0079343753	0.0111884116	0.0175328795	0.0182227303	0.0179226018	0.0131908477	0.0244174226	0.0308215046	0.0235063439
QUIN_LP_64_	0.0080962130	0.0076742122	0.0074496073	0.0069959667	0.0083162928	0.0079406335	0.0084597833	0.0078663829	0.0079863482	0.0078634724	0.0077344943	0.0075315194	0.0079502155	0.0076740349	0.0080366321	0.0077862844	0.0088663424	0.0089750011	0.0078387860	0.0076564575	0.0060007197	0.0080816883	0.0084551971	0.0083427860	0.0083333771	0.0076394753	0.0080689246	0.0075110209	0.0078692590	0.0000000000	0.0077266506	0.0078489348	0.0080638693	0.0105145949	0.0110401411	0.0098213580	0.0099406479	0.0099920958	0.0100426462	0.0100061093	0.0097304745	0.0087189521	0.0090623731	0.0085610257	0.0119568479	0.0181133245	0.0189184693	0.0188431950	0.0139324619	0.0250845340	0.0315121924	0.0242228312
QUIN_LP_65_	0.0072773424	0.0062162168	0.0069496648	0.0069898928	0.0072204108	0.0069913269	0.0078478727	0.0073471931	0.0074502864	0.0072900768	0.0070993716	0.0069948841	0.0074492623	0.0067784912	0.0069304786	0.0066382140	0.0080678765	0.0083514787	0.0069008945	0.0068076203	0.0068048419	0.0075163834	0.0077315025	0.0075875343	0.0076766742	0.0064141657	0.0073816052	0.0064230554	0.0065596951	0.0077266506	0.0000000000	0.0068884798	0.0070217172	0.0096496153	0.0101965758	0.0090061450	0.0090691636	0.0091600584	0.0091775903	0.0091353522	0.0088486615	0.0079734509	0.0083971345	0.0078483794	0.0111075601	0.0172560008	0.0180082484	0.0177175372	0.0130155211	0.0241507966	0.0306055792	0.0232439982
QUIN_LP_7_	0.0070713569	0.0069042851	0.0070106657	0.0071204539	0.0074969103	0.0068622234	0.0077914189	0.0071836607	0.0072973831	0.0072831510	0.0069407841	0.0069751196	0.0072684441	0.0063575364	0.0068786987	0.0069467728	0.0080707738	0.0082742773	0.0067645095	0.0063470383	0.0071489973	0.0073760050	0.0076830581	0.0076131776	0.0076344317	0.0067020883	0.0074999467	0.0068625897	0.0069039620	0.0078489348	0.0068884798	0.0000000000	0.0070848831	0.0096668858	0.0102262061	0.0090210966	0.0091238878	0.0091625414	0.0092311496	0.0091927203	0.0089012034	0.0080074661	0.0084116123	0.0078177409	0.0111856820	0.0173459948	0.0181163972	0.0180623897	0.0131658350	0.0242845879	0.0307338790	0.0234162079
QUIN_LP_8_	0.0073547545	0.0071654853	0.0072637947	0.0073269880	0.0077316926	0.0070926335	0.0078188930	0.0075980400	0.0077117613	0.0075992476	0.0074343823	0.0073284873	0.0076210516	0.0065747573	0.0073429468	0.0071414326	0.0082855877	0.0085111045	0.0069901226	0.0069978072	0.0073949906	0.0078051205	0.0080139050	0.0078878540	0.0078038099	0.0069090306	0.0077374454	0.0069894911	0.0072370267	0.0080638693	0.0070217172	0.0070848831	0.0000000000	0.0098948874	0.0104621422	0.0092657851	0.0093642754	0.0094123594	0.0094536746	0.0094266653	0.0091408240	0.0082588162	0.0086749390	0.0080452345	0.0114389420	0.0175881698	0.0183086433	0.0182881118	0.0134003945	0.0245258126	0.0309452426	0.0236540352
COM_LP_269_Du-703	0.0098662635	0.0097686943	0.0097486456	0.0097520794	0.0102527634	0.0097267950	0.0102298482	0.0099918359	0.0100925467	0.0099267775	0.0097164853	0.0097244752	0.0099305313	0.0094607912	0.0099808382	0.0097949683	0.0105811545	0.0108168298	0.0096271675	0.0096687516	0.0097344321	0.0101533544	0.0102510822	0.0101125318	0.0101140873	0.0094478489	0.0102130886	0.0095631592	0.0096903251	0.0105145949	0.0096496153	0.0096668858	0.0098948874	0.0000000000	0.0088010744	0.0085590557	0.0086986060	0.0088312038	0.0089732821	0.0088471624	0.0085292170	0.0096913504	0.0101761827	0.0098303638	0.0110759929	0.0172571306	0.0179138554	0.0178013728	0.0133840091	0.0239891576	0.0304604341	0.0231231674
DOV_LP_080_Du-176	0.0104106893	0.0103146119	0.0103024077	0.0103031705	0.0107994689	0.0102825831	0.0107843651	0.0104577319	0.0105573123	0.0104724531	0.0102066488	0.0102321528	0.0104395453	0.0100400954	0.0105344725	0.0103126288	0.0111289964	0.0113187472	0.0101743992	0.0102019345	0.0102475155	0.0106626472	0.0107587618	0.0107044579	0.0106856791	0.0100188833	0.0107650431	0.0100999253	0.0102505693	0.0110401411	0.0101965758	0.0102262061	0.0104621422	0.0088010744	0.0000000000	0.0090951579	0.0094422515	0.0095770190	0.0095370554	0.0095630519	0.0091948035	0.0101239498	0.0106083823	0.0102641546	0.0112865597	0.0175299025	0.0179753623	0.0179932516	0.0138463950	0.0242050351	0.0306909675	0.0233271511
RIC_LP_199_Du-528	0.0091808549	0.0090988058	0.0090457941	0.0090729668	0.0096086155	0.0090859608	0.0095433091	0.0092586758	0.0093598880	0.0092357855	0.0090247019	0.0089989281	0.0091974847	0.0088521455	0.0093515644	0.0091249359	0.0098823036	0.0101204452	0.0089750165	0.0089915279	0.0090330109	0.0094708355	0.0095620714	0.0094725462	0.0094586326	0.0087794150	0.0095491183	0.0088885148	0.0090031595	0.0098213580	0.0090061450	0.0090210966	0.0092657851	0.0085590557	0.0090951579	0.0000000000	0.0069689855	0.0070808562	0.0072191232	0.0070710490	0.0067782710	0.0087584333	0.0092638244	0.0090028414	0.0104157979	0.0169891533	0.0176655840	0.0174966521	0.0130175530	0.0237719980	0.0301454896	0.0228932874
CROB_LP_177_Du-389	0.0093016205	0.0092028341	0.0091456683	0.0091993924	0.0096948081	0.0091936524	0.0096664572	0.0094294424	0.0095259804	0.0093496573	0.0091589270	0.0091421628	0.0093388686	0.0088978726	0.0094439747	0.0092122558	0.0099880442	0.0101912645	0.0090821041	0.0090807065	0.0091474633	0.0095975227	0.0096712109	0.0095735804	0.0095816103	0.0088844047	0.0096250430	0.0089729178	0.0091089162	0.0099406479	0.0090691636	0.0091238878	0.0093642754	0.0086986060	0.0094422515	0.0069689855	0.0000000000	0.0067916350	0.0070224970	0.0068235625	0.0064228181	0.0088110794	0.0093292315	0.0090739790	0.0103030744	0.0171071865	0.0177872613	0.0176264791	0.0131194447	0.0238767588	0.0303412777	0.0229934560
KIRN_LP_184_Du-426	0.0093651097	0.0092862592	0.0091844517	0.0092362502	0.0097507695	0.0092242311	0.0096851789	0.0094856399	0.0095791527	0.0094063004	0.0091642229	0.0091709285	0.0094029281	0.0089644802	0.0094931772	0.0093024569	0.0100792747	0.0102496718	0.0091159659	0.0091354154	0.0092317366	0.0096232789	0.0097304108	0.0096705321	0.0096424171	0.0089383577	0.0096836109	0.0090638532	0.0092050153	0.0099920958	0.0091600584	0.0091625414	0.0094123594	0.0088312038	0.0095770190	0.0070808562	0.0067916350	0.0000000000	0.0070594801	0.0067645921	0.0065215400	0.0088992866	0.0093795107	0.0091409135	0.0105107531	0.0172649066	0.0179140628	0.0177020587	0.0131863860	0.0240017006	0.0303666858	0.0231152077
MALV_LP_095_Du-201	0.0094217221	0.0093291503	0.0092321319	0.0093091013	0.0098384035	0.0093131137	0.0097822551	0.0095573376	0.0096504659	0.0094584049	0.0092565564	0.0092482219	0.0094775402	0.0090367149	0.0095403010	0.0093768851	0.0101560256	0.0103218368	0.0092059969	0.0091861675	0.0092591932	0.0096925312	0.0097803214	0.0097355862	0.0097324540	0.0089656319	0.0097381337	0.0090752597	0.0092391914	0.0100426462	0.0091775903	0.0092311496	0.0094536746	0.0089732821	0.0095370554	0.0072191232	0.0070224970	0.0070594801	0.0000000000	0.0070988081	0.0067088934	0.0089639695	0.0094849712	0.0092222726	0.0105279018	0.0173668431	0.0179465087	0.0178140574	0.0133136693	0.0241049584	0.0305702245	0.0232063017
TULP_LP_120_Du-248	0.0093689979	0.0092900730	0.0092167236	0.0092512261	0.0097902541	0.0092358248	0.0097221661	0.0094780993	0.0095723415	0.0094378518	0.0091651335	0.0091848810	0.0094003937	0.0089753133	0.0095038235	0.0093427150	0.0101319139	0.0102846318	0.0091298994	0.0091508771	0.0092120881	0.0096431672	0.0097431479	0.0096820420	0.0096673485	0.0089080545	0.0097093370	0.0090522982	0.0091590261	0.0100061093	0.0091353522	0.0091927203	0.0094266653	0.0088471624	0.0095630519	0.0070710490	0.0068235625	0.0067645921	0.0070988081	0.0000000000	0.0065176316	0.0089167934	0.0094189800	0.0091734161	0.0106212102	0.0173426109	0.0179925621	0.0177530763	0.0132122596	0.0240640173	0.0304215619	0.0231750981
DUD_LP_136_Du-287	0.0091154585	0.0090233208	0.0089271165	0.0089725224	0.0094929188	0.0089675899	0.0094165885	0.0092010006	0.0092897281	0.0091146702	0.0088977716	0.0089085790	0.0090929893	0.0087001612	0.0092054821	0.0090250880	0.0097588811	0.0100010737	0.0088634083	0.0088850082	0.0089124490	0.0093661623	0.0094563530	0.0094103750	0.0093881148	0.0086331729	0.0094601162	0.0087554052	0.0088739197	0.0097304745	0.0088486615	0.0089012034	0.0091408240	0.0085292170	0.0091948035	0.0067782710	0.0064228181	0.0065215400	0.0067088934	0.0065176316	0.0000000000	0.0086721116	0.0091558496	0.0089045988	0.0101940292	0.0170451079	0.0176051974	0.0174638801	0.0129782681	0.0237490479	0.0302112539	0.0228714839
STI_LP_034_Du-52	0.0082541023	0.0080200535	0.0079653974	0.0080742888	0.0085395046	0.0081405107	0.0085478529	0.0082937726	0.0084024473	0.0082480734	0.0080810385	0.0080311062	0.0082453036	0.0078694372	0.0083075565	0.0080673792	0.0088988294	0.0090862733	0.0080344259	0.0080015084	0.0080239216	0.0084963587	0.0086127183	0.0084517830	0.0084108976	0.0078690251	0.0085420521	0.0078668715	0.0080690774	0.0087189521	0.0079734509	0.0080074661	0.0082588162	0.0096913504	0.0101239498	0.0087584333	0.0088110794	0.0088992866	0.0089639695	0.0089167934	0.0086721116	0.0000000000	0.0076431792	0.0075664758	0.0108211570	0.0170927468	0.0178011226	0.0177320180	0.0127575558	0.0239934441	0.0304054528	0.0231279350
RSV_LP_050_Du-87	0.0086352621	0.0083819293	0.0083348332	0.0084451448	0.0089352994	0.0085555614	0.0089722209	0.0087039311	0.0088166537	0.0086330212	0.0085144200	0.0084627264	0.0086744019	0.0082724215	0.0087077442	0.0084389505	0.0092713452	0.0094587478	0.0084489746	0.0083759020	0.0084243522	0.0089033749	0.0090059817	0.0088315316	0.0088110337	0.0083185083	0.0088663192	0.0082754730	0.0085003167	0.0090623731	0.0083971345	0.0084116123	0.0086749390	0.0101761827	0.0106083823	0.0092638244	0.0093292315	0.0093795107	0.0094849712	0.0094189800	0.0091558496	0.0076431792	0.0000000000	0.0079127160	0.0112558865	0.0173162760	0.0180720209	0.0180786802	0.0130748469	0.0243147609	0.0307898854	0.0234487147
QUI1_LP_255_Du-654	0.0080653281	0.0078789875	0.0078262621	0.0078808536	0.0083321768	0.0079490163	0.0083969311	0.0081900406	0.0083046113	0.0080654805	0.0079738349	0.0079068230	0.0081136362	0.0076341365	0.0081117902	0.0078688838	0.0087219426	0.0089143334	0.0078444957	0.0078288177	0.0078631487	0.0083686940	0.0084934994	0.0082938371	0.0081961901	0.0077675246	0.0083388497	0.0076959077	0.0079343753	0.0085610257	0.0078483794	0.0078177409	0.0080452345	0.0098303638	0.0102641546	0.0090028414	0.0090739790	0.0091409135	0.0092222726	0.0091734161	0.0089045988	0.0075664758	0.0079127160	0.0000000000	0.0109756564	0.0167849043	0.0175373463	0.0176549307	0.0127089932	0.0238838325	0.0303037505	0.0230289641
BAI_LP_105_Du-222	0.0113980040	0.0112683542	0.0111996453	0.0112497811	0.0117355587	0.0112797203	0.0117025109	0.0114699116	0.0115754256	0.0113917736	0.0112352584	0.0111815930	0.0113836893	0.0109872272	0.0114936465	0.0112196146	0.0120513378	0.0122916158	0.0111789681	0.0111776645	0.0111459124	0.0116656184	0.0117578253	0.0116406433	0.0115704372	0.0109762810	0.0117147006	0.0109959110	0.0111884116	0.0119568479	0.0111075601	0.0111856820	0.0114389420	0.0110759929	0.0112865597	0.0104157979	0.0103030744	0.0105107531	0.0105279018	0.0106212102	0.0101940292	0.0108211570	0.0112558865	0.0109756564	0.0000000000	0.0172866028	0.0178039924	0.0177829408	0.0142188918	0.0239521716	0.0304628441	0.0230841121
CY_HICN_LP_236_Du-614	0.0176531156	0.0174423489	0.0173636035	0.0173951532	0.0178300138	0.0173695286	0.0178888200	0.0175832331	0.0177113774	0.0176193284	0.0175493945	0.0173688324	0.0176282901	0.0171381761	0.0176746563	0.0173842598	0.0182126058	0.0185057242	0.0172586502	0.0174161795	0.0173576651	0.0178596071	0.0179772778	0.0178330659	0.0176781478	0.0172680685	0.0178573634	0.0171891115	0.0175328795	0.0181133245	0.0172560008	0.0173459948	0.0175881698	0.0172571306	0.0175299025	0.0169891533	0.0171071865	0.0172649066	0.0173668431	0.0173426109	0.0170451079	0.0170927468	0.0173162760	0.0167849043	0.0172866028	0.0000000000	0.0113852138	0.0168078098	0.0138485704	0.0237220806	0.0301774818	0.0230220103
CY_SIE_LP_189_Du-446	0.0183118720	0.0182263083	0.0181584945	0.0181730191	0.0186260145	0.0181545245	0.0185645586	0.0183406730	0.0184559228	0.0183868389	0.0181790365	0.0181056482	0.0183745072	0.0178945714	0.0184361494	0.0181738370	0.0190060689	0.0192504751	0.0180439776	0.0181509756	0.0180874046	0.0186046199	0.0187304767	0.0186268002	0.0184705872	0.0179674026	0.0186573184	0.0179557019	0.0182227303	0.0189184693	0.0180082484	0.0181163972	0.0183086433	0.0179138554	0.0179753623	0.0176655840	0.0177872613	0.0179140628	0.0179465087	0.0179925621	0.0176051974	0.0178011226	0.0180720209	0.0175373463	0.0178039924	0.0113852138	0.0000000000	0.0169895648	0.0141947006	0.0239857953	0.0304559291	0.0232633129
CY_HUN_LP_267_Du-686	0.0181985124	0.0181915157	0.0180920160	0.0181151591	0.0186421410	0.0181245509	0.0185891742	0.0182877649	0.0184167382	0.0183367762	0.0180591018	0.0180783412	0.0183388825	0.0178380648	0.0183907451	0.0181029370	0.0189622761	0.0191897728	0.0180326121	0.0180501461	0.0178740914	0.0185522011	0.0186499607	0.0185610045	0.0184858085	0.0177866395	0.0185875181	0.0177589609	0.0179226018	0.0188431950	0.0177175372	0.0180623897	0.0182881118	0.0178013728	0.0179932516	0.0174966521	0.0176264791	0.0177020587	0.0178140574	0.0177530763	0.0174638801	0.0177320180	0.0180786802	0.0176549307	0.0177829408	0.0168078098	0.0169895648	0.0000000000	0.0168041194	0.0238963282	0.0300084434	0.0232003619
CY_BOU_LP_290_Du-739	0.0133296626	0.0132396584	0.0131706186	0.0132091854	0.0136990471	0.0132191006	0.0136663752	0.0134288738	0.0135375784	0.0134272175	0.0131665880	0.0131890969	0.0134278531	0.0129728112	0.0134688093	0.0131889629	0.0140704202	0.0142717879	0.0131175643	0.0131503325	0.0131130966	0.0136493501	0.0137613339	0.0136581037	0.0135729291	0.0129305775	0.0137119090	0.0129605370	0.0131908477	0.0139324619	0.0130155211	0.0131658350	0.0134003945	0.0133840091	0.0138463950	0.0130175530	0.0131194447	0.0131863860	0.0133136693	0.0132122596	0.0129782681	0.0127575558	0.0130748469	0.0127089932	0.0142188918	0.0138485704	0.0141947006	0.0168041194	0.0000000000	0.0235493340	0.0298273665	0.0228025910
ABMU_HOR_LP_308_Du-777	0.0244838349	0.0244009813	0.0243160194	0.0243321529	0.0247791689	0.0243465201	0.0247500522	0.0244678619	0.0245951547	0.0245566068	0.0243938558	0.0243180119	0.0244980915	0.0240955248	0.0246231296	0.0242836164	0.0251509128	0.0254286368	0.0242377842	0.0242997518	0.0242956433	0.0247863014	0.0249018226	0.0247970637	0.0246176495	0.0241275642	0.0248191786	0.0240879699	0.0244174226	0.0250845340	0.0241507966	0.0242845879	0.0245258126	0.0239891576	0.0242050351	0.0237719980	0.0238767588	0.0240017006	0.0241049584	0.0240640173	0.0237490479	0.0239934441	0.0243147609	0.0238838325	0.0239521716	0.0237220806	0.0239857953	0.0238963282	0.0235493340	0.0000000000	0.0293557644	0.0151325428
ABBE_BERN_LP_312_Du-781	0.0307848616	0.0308367826	0.0307781113	0.0307873087	0.0312491974	0.0307886243	0.0311678334	0.0309170098	0.0310274501	0.0310140099	0.0306982831	0.0307207109	0.0309696904	0.0305065757	0.0310523404	0.0307374244	0.0315922850	0.0318429378	0.0306867812	0.0307380057	0.0305985773	0.0312083679	0.0313184484	0.0312100798	0.0311095483	0.0305764621	0.0312719567	0.0304681395	0.0308215046	0.0315121924	0.0306055792	0.0307338790	0.0309452426	0.0304604341	0.0306909675	0.0301454896	0.0303412777	0.0303666858	0.0305702245	0.0304215619	0.0302112539	0.0304054528	0.0307898854	0.0303037505	0.0304628441	0.0301774818	0.0304559291	0.0300084434	0.0298273665	0.0293557644	0.0000000000	0.0287329442
ABAB_MAD_LP_322_Du-593	0.0236236687	0.0235397791	0.0234432245	0.0234644752	0.0239147729	0.0234864502	0.0238912143	0.0236129025	0.0237447266	0.0236980553	0.0235383645	0.0234780077	0.0236440067	0.0232345504	0.0237531362	0.0234191816	0.0242917370	0.0245676713	0.0233816920	0.0234279153	0.0234008926	0.0239336771	0.0240424772	0.0239376965	0.0237532740	0.0232299025	0.0239650364	0.0231983864	0.0235063439	0.0242228312	0.0232439982	0.0234162079	0.0236540352	0.0231231674	0.0233271511	0.0228932874	0.0229934560	0.0231152077	0.0232063017	0.0231750981	0.0228714839	0.0231279350	0.0234487147	0.0230289641	0.0230841121	0.0230220103	0.0232633129	0.0232003619	0.0228025910	0.0151325428	0.0287329442	0.0000000000
